Edge	6	29	1	0	0	0	39	-1
	Sequence	+edge_4_0_-disjointig_1_357699_444597 86898 -1 2984104 357699 444597
Edge	7	3	34	0	0	0	39	-1
	Sequence	-edge_4_0_-disjointig_1_357699_444597 86898 1 2984104 2539506 2626404
Edge	8	5	20	0	0	0	36	-1
	Sequence	+edge_5_0_+disjointig_1_170961_2064148 1893187 1 2984104 170961 2064148
Edge	9	19	7	0	0	0	36	-1
	Sequence	-edge_5_0_+disjointig_1_170961_2064148 1893187 -1 2984104 919955 2813142
Edge	10	30	14	1	0	1	245	-1
	Sequence	+edge_6_0_+disjointig_1_165553_167616 2063 1 2984104 165553 167616
	Sequence	+edge_6_1_-disjointig_1_645944_648120 2176 -1 2984104 645944 648120
	Sequence	+edge_6_2_-disjointig_1_514141_516277 2136 -1 2984104 514141 516277
	Sequence	+edge_6_3_-disjointig_1_450036_451942 1906 -1 2984104 450036 451942
	Sequence	+edge_6_4_-disjointig_1_444597_446646 2049 -1 2984104 444597 446646
	Sequence	+edge_6_5_-disjointig_1_352307_354317 2010 -1 2984104 352307 354317
	Sequence	+edge_6_6_+disjointig_1_2706897_2708941 2044 1 2984104 2706897 2708941
Edge	11	18	22	1	0	1	245	-1
	Sequence	-edge_6_0_+disjointig_1_165553_167616 2063 -1 2984104 2816487 2818550
	Sequence	-edge_6_1_-disjointig_1_645944_648120 2176 1 2984104 2335983 2338159
	Sequence	-edge_6_2_-disjointig_1_514141_516277 2136 1 2984104 2467826 2469962
	Sequence	-edge_6_3_-disjointig_1_450036_451942 1906 1 2984104 2532161 2534067
	Sequence	-edge_6_4_-disjointig_1_444597_446646 2049 1 2984104 2537457 2539506
	Sequence	-edge_6_5_-disjointig_1_352307_354317 2010 1 2984104 2629786 2631796
	Sequence	-edge_6_6_+disjointig_1_2706897_2708941 2044 -1 2984104 275162 277206
Edge	12	35	37	0	0	0	36	-1
	Sequence	+edge_7_0_-disjointig_1_651503_916535 265032 -1 2984104 651503 916535
Edge	13	12	11	0	0	0	36	-1
	Sequence	-edge_7_0_-disjointig_1_651503_916535 265032 1 2984104 2067568 2332600
Edge	14	8	16	0	0	0	36	-1
	Sequence	+edge_8_0_-disjointig_1_455829_508801 52972 -1 2984104 455829 508801
Edge	15	2	0	0	0	0	36	-1
	Sequence	-edge_8_0_-disjointig_1_455829_508801 52972 1 2984104 2475302 2528274
Edge	16	4	9	0	0	0	37	-1
	Sequence	+edge_9_0_-disjointig_1_519660_640674 121014 -1 2984104 519660 640674
Edge	17	10	28	0	0	0	37	-1
	Sequence	-edge_9_0_-disjointig_1_519660_640674 121014 1 2984104 2343429 2464443
Edge	18	36	23	0	0	0	41	-1
	Sequence	+edge_10_0_+disjointig_1_2631796_2706897 75101 1 2984104 2631796 2706897
Edge	19	31	33	0	0	0	41	-1
	Sequence	-edge_10_0_+disjointig_1_2631796_2706897 75101 -1 2984104 277206 352307
Edge	20	22	18	1	0	1	349	-1
	Sequence	+edge_11_0_-disjointig_1_2813142_2816487 3345 -1 2984104 2813142 2816487
	Sequence	+edge_11_1_+disjointig_1_2064148_2067568 3420 1 2984104 2064148 2067568
	Sequence	+edge_11_2_+disjointig_1_2332600_2335983 3383 1 2984104 2332600 2335983
	Sequence	+edge_11_3_+disjointig_1_2338159_2341503 3344 1 2984104 2338159 2341503
	Sequence	+edge_11_4_+disjointig_1_2464443_2467826 3383 1 2984104 2464443 2467826
	Sequence	+edge_11_5_+disjointig_1_2469962_2473339 3377 1 2984104 2469962 2473339
	Sequence	+edge_11_6_+disjointig_1_2528274_2532161 3887 1 2984104 2528274 2532161
	Sequence	+edge_11_7_+disjointig_1_2534067_2537457 3390 1 2984104 2534067 2537457
	Sequence	+edge_11_8_+disjointig_1_2626404_2629786 3382 1 2984104 2626404 2629786
	Sequence	+edge_11_9_-disjointig_1_271796_275162 3366 -1 2984104 271796 275162
Edge	21	14	30	1	0	1	349	-1
	Sequence	-edge_11_0_-disjointig_1_2813142_2816487 3345 1 2984104 167616 170961
	Sequence	-edge_11_1_+disjointig_1_2064148_2067568 3420 -1 2984104 916535 919955
	Sequence	-edge_11_2_+disjointig_1_2332600_2335983 3383 -1 2984104 648120 651503
	Sequence	-edge_11_3_+disjointig_1_2338159_2341503 3344 -1 2984104 642600 645944
	Sequence	-edge_11_4_+disjointig_1_2464443_2467826 3383 -1 2984104 516277 519660
	Sequence	-edge_11_5_+disjointig_1_2469962_2473339 3377 -1 2984104 510764 514141
	Sequence	-edge_11_6_+disjointig_1_2528274_2532161 3887 -1 2984104 451942 455829
	Sequence	-edge_11_7_+disjointig_1_2534067_2537457 3390 -1 2984104 446646 450036
	Sequence	-edge_11_8_+disjointig_1_2626404_2629786 3382 -1 2984104 354317 357699
	Sequence	-edge_11_9_-disjointig_1_271796_275162 3366 1 2984104 2708941 2712307
Edge	32	26	21	0	0	0	37	-1
	Sequence	+edge_17_0_+disjointig_1_2712307_2984098 271791 1 2984104 2712307 2984098
Edge	33	15	27	0	0	0	37	-1
	Sequence	-edge_17_0_+disjointig_1_2712307_2984098 271791 -1 2984104 5 271796
Edge	34	21	6	0	0	0	34	-1
	Sequence	+edge_18_0_+disjointig_1_49559_165553 115994 1 2984104 49559 165553
Edge	35	25	15	0	0	0	34	-1
	Sequence	-edge_18_0_+disjointig_1_49559_165553 115994 -1 2984104 2818550 2934544
Edge	36	13	13	0	0	0	34	-1
	Sequence	+edge_19_0_+disjointig_2_23644_1348353 1324709 2 1348359 23644 1348353
Edge	37	17	17	0	0	0	34	-1
	Sequence	-edge_19_0_+disjointig_2_23644_1348353 1324709 -2 1348359 5 1324714
Edge	38	24	24	1	0	0	122	-1
	Sequence	+edge_20_0_+disjointig_3_18620_60450 41830 3 102411 18620 60450
	Sequence	+edge_20_1_+disjointig_3_60450_102408 41958 3 102411 60450 102408
Edge	39	32	32	1	0	0	122	-1
	Sequence	-edge_20_0_+disjointig_3_18620_60450 41830 -3 102411 41960 83790
	Sequence	-edge_20_1_+disjointig_3_60450_102408 41958 -3 102411 2 41960
Edge	40	23	26	0	0	0	39	-1
	Sequence	+edge_21_0_-085bb410-b7ea-4b27-8d69-3e738d3c8929_8922_14331 5409 * 0 0 0
Edge	41	27	31	0	0	0	39	-1
	Sequence	-edge_21_0_-085bb410-b7ea-4b27-8d69-3e738d3c8929_8922_14331 5409 * 0 0 0
Edge	42	33	29	0	0	0	40	-1
	Sequence	+edge_22_0_-64543cee-12fe-4a8d-b752-b45e64aff016_9573_14957 5384 * 0 0 0
Edge	43	34	36	0	0	0	40	-1
	Sequence	-edge_22_0_-64543cee-12fe-4a8d-b752-b45e64aff016_9573_14957 5384 * 0 0 0
Edge	44	37	19	0	0	0	36	-1
	Sequence	+edge_23_0_-dda4ee72-6da9-4835-b444-c283658a34ad_17726_21145 3419 * 0 0 0
Edge	45	20	12	0	0	0	36	-1
	Sequence	-edge_23_0_-dda4ee72-6da9-4835-b444-c283658a34ad_17726_21145 3419 * 0 0 0
Edge	46	11	10	0	0	0	36	-1
	Sequence	+edge_24_0_-7a18f1d1-2a60-478b-9dc1-202e76b97602_26223_37044 10821 * 0 0 0
Edge	47	9	35	0	0	0	36	-1
	Sequence	-edge_24_0_-7a18f1d1-2a60-478b-9dc1-202e76b97602_26223_37044 10821 * 0 0 0
Edge	48	7	25	0	0	0	35	-1
	Sequence	+edge_25_0_+5219b0b8-c6da-4f31-8c40-e63744ff4379_4783_10187 5404 * 0 0 0
Edge	49	6	5	0	0	0	35	-1
	Sequence	-edge_25_0_+5219b0b8-c6da-4f31-8c40-e63744ff4379_4783_10187 5404 * 0 0 0
Edge	50	16	4	0	0	0	36	-1
	Sequence	+edge_26_0_+cee84547-04ca-4213-be3e-88dfa13361f2_615_11468 10853 * 0 0 0
Edge	51	28	2	0	0	0	36	-1
	Sequence	-edge_26_0_+cee84547-04ca-4213-be3e-88dfa13361f2_615_11468 10853 * 0 0 0
Edge	52	1	8	0	0	0	37	-1
	Sequence	+edge_27_0_+69861ac2-c5a9-420b-9ccb-617221a26adc_543_11769 11226 * 0 0 0
Edge	53	0	3	0	0	0	37	-1
	Sequence	-edge_27_0_+69861ac2-c5a9-420b-9ccb-617221a26adc_543_11769 11226 * 0 0 0
