Edge	8	15	7	0	0	0	36	-1
	Sequence	+edge_5_0_+disjointig_1_1864808_2380285 515477 1 3280407 1864808 2380285
Edge	9	5	34	0	0	0	36	-1
	Sequence	-edge_5_0_+disjointig_1_1864808_2380285 515477 -1 3280407 900121 1415598
Edge	10	20	8	0	0	0	32	-1
	Sequence	+edge_6_0_-disjointig_1_363025_463626 100601 -1 3280407 363025 463626
Edge	11	10	21	0	0	0	32	-1
	Sequence	-edge_6_0_-disjointig_1_363025_463626 100601 1 3280407 2816780 2917381
Edge	12	23	6	0	0	0	34	-1
	Sequence	+edge_7_0_-disjointig_1_474514_650478 175964 -1 3280407 474514 650478
Edge	13	16	12	0	0	0	34	-1
	Sequence	-edge_7_0_-disjointig_1_474514_650478 175964 1 3280407 2629928 2805892
Edge	14	0	26	0	0	0	40	-1
	Sequence	+edge_8_0_-disjointig_1_661210_700453 39243 -1 3280407 661210 700453
Edge	15	29	14	0	0	0	40	-1
	Sequence	-edge_8_0_-disjointig_1_661210_700453 39243 1 3280407 2579953 2619196
Edge	16	27	32	0	0	0	34	-1
	Sequence	+edge_9_0_-disjointig_1_711431_765642 54211 -1 3280407 711431 765642
Edge	17	1	24	0	0	0	34	-1
	Sequence	-edge_9_0_-disjointig_1_711431_765642 54211 1 3280407 2514764 2568975
Edge	18	17	3	0	0	0	44	-1
	Sequence	+edge_10_0_-disjointig_1_771113_807040 35927 -1 3280407 771113 807040
Edge	19	4	30	0	0	0	44	-1
	Sequence	-edge_10_0_-disjointig_1_771113_807040 35927 1 3280407 2473366 2509293
Edge	20	22	33	0	0	0	35	-1
	Sequence	+edge_11_0_+disjointig_1_2385799_2467865 82066 1 3280407 2385799 2467865
Edge	21	2	37	0	0	0	35	-1
	Sequence	-edge_11_0_+disjointig_1_2385799_2467865 82066 -1 3280407 812541 894607
Edge	28	38	28	0	0	0	29	-1
	Sequence	+edge_15_0_+disjointig_1_2922738_3280393 357655 1 3280407 2922738 3280393
Edge	29	9	39	0	0	0	29	-1
	Sequence	-edge_15_0_+disjointig_1_2922738_3280393 357655 -1 3280407 13 357668
Edge	30	28	18	0	0	0	28	-1
	Sequence	+edge_16_0_+disjointig_1_79232_1859458 1780226 1 3280407 79232 1859458
Edge	31	35	9	0	0	0	28	-1
	Sequence	-edge_16_0_+disjointig_1_79232_1859458 1780226 -1 3280407 1420948 3201174
Edge	32	19	13	0	0	0	27	-1
	Sequence	+edge_17_0_+disjointig_2_1614501_1829220 214719 2 1829227 1614501 1829220
Edge	33	11	31	0	0	0	27	-1
	Sequence	-edge_17_0_+disjointig_2_1614501_1829220 214719 -2 1829227 6 214725
Edge	34	13	25	0	0	0	25	-1
	Sequence	+edge_18_0_+disjointig_2_49115_1609089 1559974 2 1829227 49115 1609089
Edge	35	36	11	0	0	0	25	-1
	Sequence	-edge_18_0_+disjointig_2_49115_1609089 1559974 -2 1829227 220137 1780111
Edge	36	12	10	0	0	0	33	-1
	Sequence	+edge_19_0_+d711895b-9796-4fb9-b9e5-45b92b602eaf_11873_22749 10876 * 0 0 0
Edge	37	8	23	0	0	0	33	-1
	Sequence	-edge_19_0_+d711895b-9796-4fb9-b9e5-45b92b602eaf_11873_22749 10876 * 0 0 0
Edge	38	26	27	0	0	0	37	-1
	Sequence	+edge_20_0_+e6ce6306-6a10-473b-9b7f-c4095be07e32_593_11566 10973 * 0 0 0
Edge	39	24	29	0	0	0	37	-1
	Sequence	-edge_20_0_+e6ce6306-6a10-473b-9b7f-c4095be07e32_593_11566 10973 * 0 0 0
Edge	40	34	35	0	0	0	32	-1
	Sequence	+edge_21_0_-6b003e10-9f50-437a-b57f-f5719d8306ad_9955_15302 5347 * 0 0 0
Edge	41	18	15	0	0	0	32	-1
	Sequence	-edge_21_0_-6b003e10-9f50-437a-b57f-f5719d8306ad_9955_15302 5347 * 0 0 0
Edge	42	25	19	0	0	0	26	-1
	Sequence	+edge_22_0_-78cf6525-d760-44d7-961e-9fa1938aa20e_45596_51006 5410 * 0 0 0
Edge	43	31	36	0	0	0	26	-1
	Sequence	-edge_22_0_-78cf6525-d760-44d7-961e-9fa1938aa20e_45596_51006 5410 * 0 0 0
Edge	44	21	38	0	0	0	30	-1
	Sequence	+edge_23_0_+046377a5-60da-4dec-ae4a-38d3144fedc3_14538_19893 5355 * 0 0 0
Edge	45	39	20	0	0	0	30	-1
	Sequence	-edge_23_0_+046377a5-60da-4dec-ae4a-38d3144fedc3_14538_19893 5355 * 0 0 0
Edge	46	7	22	0	0	0	35	-1
	Sequence	+edge_24_0_+3de3f6b3-4407-45b8-95f1-13f22132c9f6_18998_24508 5510 * 0 0 0
Edge	47	37	5	0	0	0	35	-1
	Sequence	-edge_24_0_+3de3f6b3-4407-45b8-95f1-13f22132c9f6_18998_24508 5510 * 0 0 0
Edge	48	33	4	0	0	0	39	-1
	Sequence	+edge_25_0_+d33db4a6-3ecf-435f-83da-6a0927eef625_1077_6573 5496 * 0 0 0
Edge	49	3	2	0	0	0	39	-1
	Sequence	-edge_25_0_+d33db4a6-3ecf-435f-83da-6a0927eef625_1077_6573 5496 * 0 0 0
Edge	50	32	17	0	0	0	39	-1
	Sequence	+edge_26_0_+5adcc8bc-9593-4fd0-8870-4df161eebf97_8388_13857 5469 * 0 0 0
Edge	51	30	1	0	0	0	39	-1
	Sequence	-edge_26_0_+5adcc8bc-9593-4fd0-8870-4df161eebf97_8388_13857 5469 * 0 0 0
Edge	52	14	16	0	0	0	37	-1
	Sequence	+edge_27_0_+e39d02fe-3b2c-419b-89cf-ed466ebc8df4_3691_14421 10730 * 0 0 0
Edge	53	6	0	0	0	0	37	-1
	Sequence	-edge_27_0_+e39d02fe-3b2c-419b-89cf-ed466ebc8df4_3691_14421 10730 * 0 0 0
