Edge	4	11	3	0	0	0	43	-1
	Sequence	+edge_3_0_-disjointig_1_48305_571659 523354 -1 3807143 48305 571659
Edge	5	5	16	0	0	0	43	-1
	Sequence	-edge_3_0_-disjointig_1_48305_571659 523354 1 3807143 3235483 3758837
Edge	10	7	22	0	0	0	39	-1
	Sequence	+edge_6_0_+disjointig_1_392059_3041438 2649379 1 3807143 392059 3041438
Edge	11	17	8	0	0	0	39	-1
	Sequence	-edge_6_0_+disjointig_1_392059_3041438 2649379 -1 3807143 765704 3415083
Edge	14	2	27	0	0	0	50	-1
	Sequence	+edge_8_0_-disjointig_1_582598_754550 171952 -1 3807143 582598 754550
Edge	15	9	24	0	0	0	50	-1
	Sequence	-edge_8_0_-disjointig_1_582598_754550 171952 1 3807143 3052592 3224544
Edge	22	15	26	1	0	0	0	2
	Sequence	+edge_12_0_+disjointig_3_35893_39071 3178 3 2436447 35893 39071
Edge	23	12	18	1	0	0	0	3
	Sequence	-edge_12_0_+disjointig_3_35893_39071 3178 -3 2436447 2397375 2400553
Edge	24	15	26	1	0	0	37	2
	Sequence	+edge_13_0_+disjointig_3_2389786_2403746 13960 3 2436447 2389786 2403746
Edge	25	12	18	1	0	0	37	3
	Sequence	-edge_13_0_+disjointig_3_2389786_2403746 13960 -3 2436447 32700 46660
Edge	34	21	25	0	0	0	40	-1
	Sequence	+edge_18_0_+disjointig_1_42668_390563 347895 1 3807143 42668 390563
Edge	35	10	6	0	0	0	40	-1
	Sequence	-edge_18_0_+disjointig_1_42668_390563 347895 -1 3807143 3416579 3764474
Edge	36	14	14	1	0	0	140	-1
	Sequence	+edge_19_0_+disjointig_2_7193_18383 11190 2 29592 7193 18383
	Sequence	+edge_19_1_+disjointig_2_18383_29573 11190 2 29592 18383 29573
Edge	37	13	13	1	0	0	140	-1
	Sequence	-edge_19_0_+disjointig_2_7193_18383 11190 -2 29592 11208 22398
	Sequence	-edge_19_1_+disjointig_2_18383_29573 11190 -2 29592 18 11208
Edge	38	19	4	0	0	0	36	-1
	Sequence	+edge_20_0_+disjointig_3_39071_2389786 2350715 3 2436447 39071 2389786
Edge	39	0	1	0	0	0	36	-1
	Sequence	-edge_20_0_+disjointig_3_39071_2389786 2350715 -3 2436447 46660 2397375
Edge	40	20	20	0	0	0	9	-1
	Sequence	+edge_21_0_+disjointig_4_27780_122112 94332 4 122118 27780 122112
Edge	41	23	23	0	0	0	9	-1
	Sequence	-edge_21_0_+disjointig_4_27780_122112 94332 -4 122118 5 94337
Edge	42	27	17	0	0	0	44	-1
	Sequence	+edge_22_0_+1365ba8e-9c32-4830-a14d-8b933cdbf54f_25564_36710 11146 * 0 0 0
Edge	43	22	9	0	0	0	44	-1
	Sequence	-edge_22_0_+1365ba8e-9c32-4830-a14d-8b933cdbf54f_25564_36710 11146 * 0 0 0
Edge	44	8	10	0	0	0	39	-1
	Sequence	+edge_23_0_-7b24bd74-ebaf-4d90-b34e-6dba2f9f4b58_7875_9370 1495 * 0 0 0
Edge	45	25	7	0	0	0	39	-1
	Sequence	-edge_23_0_-7b24bd74-ebaf-4d90-b34e-6dba2f9f4b58_7875_9370 1495 * 0 0 0
Edge	46	16	21	0	0	0	41	-1
	Sequence	+edge_24_0_+accceff5-9772-4784-a701-8d2d03c689f5_4510_6004 1494 * 0 0 0
Edge	47	6	11	0	0	0	41	-1
	Sequence	-edge_24_0_+accceff5-9772-4784-a701-8d2d03c689f5_4510_6004 1494 * 0 0 0
Edge	48	24	5	0	0	0	46	-1
	Sequence	+edge_25_0_+5df25c90-3245-4149-b963-5aec84703985_1487_12409 10922 * 0 0 0
Edge	49	3	2	0	0	0	46	-1
	Sequence	-edge_25_0_+5df25c90-3245-4149-b963-5aec84703985_1487_12409 10922 * 0 0 0
Edge	50	4	19	0	0	0	36	-1
	Sequence	+edge_26_haplotype 3178 * 0 0 0
Edge	51	1	0	0	0	0	36	-1
	Sequence	-edge_26_haplotype 3178 * 0 0 0
