[2025-10-20 20:59:42] INFO: CheckM v1.2.4
[2025-10-20 20:59:42] INFO: checkm qa --out_format 1 checkm_out/Vibrio.ms checkm_out
[2025-10-20 20:59:42] INFO: CheckM data: /data/djs217/miniconda3/envs/checkm_env/checkm_data
[2025-10-20 20:59:42] INFO: [CheckM - qa] Tabulating genome statistics.
[2025-10-20 20:59:42] INFO: Calculating AAI between multi-copy marker genes.
[2025-10-20 20:59:42] INFO: Reading HMM info from file.
[2025-10-20 20:59:43] INFO: Parsing HMM hits to marker genes:
--------------------------------------------------------------------------------------------------------------------------------------------------------------------------------------------------
  Bin Id                                            Marker lineage   # genomes   # markers   # marker sets    0      1     2    3   4   5+   Completeness   Contamination   Strain heterogeneity  
--------------------------------------------------------------------------------------------------------------------------------------------------------------------------------------------------
  11813_EX_23_2024_K_PBC74148_final                   Vibrio (5)         70         1084          381         0     1078   6    0   0   0       100.00           0.47               0.00          
  11813_EXE_34_2024_C_PBC74148_final                  Vibrio (5)         70         1084          381         0     1079   5    0   0   0       100.00           0.26               0.00          
  11813_EXE_33_2024_F_PBC74148_final                  Vibrio (5)         70         1084          381         0     1083   1    0   0   0       100.00           0.13               0.00          
  11813_EXE_33_2024_C_PBC74148_final                  Vibrio (5)         70         1084          381         0     1083   1    0   0   0       100.00           0.13               0.00          
  11813_EXE_32_2024_G_PBC74148_final                  Vibrio (5)         70         1084          381         0     1077   7    0   0   0       100.00           0.92              85.71          
  11813_EXE_30_2025_S_PBC74148_final                  Vibrio (5)         70         1084          381         0     1082   2    0   0   0       100.00           0.17               0.00          
  11813_EXE_30_2025_L_PBC74148_final                  Vibrio (5)         70         1084          381         0     1075   9    0   0   0       100.00           0.66               0.00          
  11813_EXE_30_2024_G_PBC74148_final                  Vibrio (5)         70         1084          381         0     1077   7    0   0   0       100.00           0.86               0.00          
  11813_EXE_30_2024_F_PBC74148_final                  Vibrio (5)         70         1084          381         0     1079   5    0   0   0       100.00           0.18               0.00          
  11813_EXE_29_2025_V_PBC74148_final                  Vibrio (5)         70         1084          381         0     1075   9    0   0   0       100.00           0.53               0.00          
  11813_EXE_29_2025_HH_PBC74148_final                 Vibrio (5)         70         1084          381         0     1082   2    0   0   0       100.00           0.14               0.00          
  11813_EXE_27_2025_D_PBC74148_final                  Vibrio (5)         70         1084          381         0     1079   5    0   0   0       100.00           0.33               0.00          
  11813_EXE_27_2025_A_PBC74148_final                  Vibrio (5)         70         1084          381         0     1080   4    0   0   0       100.00           0.51               0.00          
  11813_EXE_22_2025_T1A_PBC74148_final                Vibrio (5)         70         1084          381         0     1077   7    0   0   0       100.00           0.29               0.00          
  11813_EXE_21_2025_F_PBC74148_final                  Vibrio (5)         70         1084          381         0     1078   6    0   0   0       100.00           0.44               0.00          
  11813_EXE_20_2024_J_PBC74148_final                  Vibrio (5)         70         1084          381         0     1080   4    0   0   0       100.00           0.20               0.00          
  11813_EXE_19_2024_M_PBC74148_final                  Vibrio (5)         70         1084          381         0     1078   6    0   0   0       100.00           0.27               0.00          
  11813_EXE_13_2025_H_PBC74148_final                  Vibrio (5)         70         1084          381         0     1079   4    1   0   0       100.00           0.72              14.29          
  11813_EXE_12_2025_A_PBC74148_final                  Vibrio (5)         70         1084          381         0     1079   5    0   0   0       100.00           0.23               0.00          
  11813_EXE_09_2024_B_PBC74148_final                  Vibrio (5)         70         1084          381         0     1079   5    0   0   0       100.00           0.18               0.00          
  11813_EXE_06_2024_E_PBC74148_final                  Vibrio (5)         70         1084          381         0     1080   3    1   0   0       100.00           0.33               0.00          
  11813_EXE_01_2024_7_PBC74148_final                  Vibrio (5)         70         1084          381         0     1079   5    0   0   0       100.00           0.18               0.00          
  11813_EXE_05_2024_A_PBC74148_final                  Vibrio (5)         70         1084          381         2     1078   4    0   0   0       99.96            0.68               0.00          
  11813_EXE_28_2025_W_PBC74148_final                  Vibrio (5)         70         1084          381         1     1078   5    0   0   0       99.91            0.57               0.00          
  11813_EXE_26_2025_A_PBC74148_final                  Vibrio (5)         70         1084          381         2     1076   6    0   0   0       99.85            0.78               0.00          
  11813_EXE_28_2025_A_PBC74148_final                  Vibrio (5)         70         1084          381         1     1077   5    1   0   0       99.74            0.43               0.00          
  11813_EXE22_2025_IVF5LA_PBC74148_final              Vibrio (5)         70         1084          381         1     1074   8    1   0   0       99.74            0.78               0.00          
  11813_EXE_23_2025_L_PBC74148_final                  Vibrio (5)         70         1084          381         2     1074   8    0   0   0       99.61            0.65              25.00          
  11813_EXE_34_2024_P_PBC74148_final                  Vibrio (5)         70         1084          381         8     1075   1    0   0   0       99.21            0.13               0.00          
  11813_EXE_22_2025_DG3A_PBC74148_barcode18_final     Vibrio (5)         70         1084          381         14    1048   19   3   0   0       99.19            2.36              53.57          
  11813_EXE_26_2025_C_PBC74148_final                  Vibrio (5)         70         1084          381         8     1068   7    1   0   0       98.43            0.65               0.00          
  11813_EXE_29_2025_K_PBC74148_final                  Vibrio (5)         70         1084          381         11    1066   7    0   0   0       98.39            0.72              14.29          
  11813_EXE_22_2025_DG1LF_PBC7_final                  Vibrio (5)         70         1084          381         24    1032   27   1   0   0       96.37            2.40              53.33          
  11813_EXE_20_2025_B_PBC74148_final                  Vibrio (5)         70         1084          381         51    1028   5    0   0   0       96.02            0.28               0.00          
  11813_EXE_33_2024_E_PBC74148_final                  Vibrio (5)         70         1084          381        353    684    46   1   0   0       63.27            3.51              83.67          
  11813_EXE_30_2025_R_PBC74148_final                  Vibrio (5)         70         1084          381        466    582    36   0   0   0       52.16            3.22              88.89          
  11813_EXE_01_2025_M_PBC74148_final                  Vibrio (5)         70         1084          381        492    583    9    0   0   0       49.44            0.90               0.00          
  11813_EXE_03_2025_A_PBC74148_final                  Vibrio (5)         70         1084          381        579    478    27   0   0   0       40.71            1.56              88.89          
  11813_EXE_25_2025_25N_PBC74148_final                Vibrio (5)         70         1084          381        1065    19    0    0   0   0        0.45            0.00               0.00          
  11813_EXE_24_2025_E_PBC74148_final                  Vibrio (5)         70         1084          381        1083    1     0    0   0   0        0.13            0.00               0.00          
--------------------------------------------------------------------------------------------------------------------------------------------------------------------------------------------------
[2025-10-20 20:59:52] INFO: { Current stage: 0:00:10.441 || Total: 0:00:10.441 }
