[2025-10-20 20:59:53] INFO: CheckM v1.2.4
[2025-10-20 20:59:53] INFO: checkm qa --out_format 2 checkm_out/Vibrio.ms checkm_out
[2025-10-20 20:59:53] INFO: CheckM data: /data/djs217/miniconda3/envs/checkm_env/checkm_data
[2025-10-20 20:59:53] INFO: [CheckM - qa] Tabulating genome statistics.
[2025-10-20 20:59:53] INFO: Calculating AAI between multi-copy marker genes.
[2025-10-20 20:59:53] INFO: Reading HMM info from file.
[2025-10-20 20:59:53] INFO: Parsing HMM hits to marker genes:
------------------------------------------------------------------------------------------------------------------------------------------------------------------------------------------------------------------------------------------------------------------------------------------------------------------------------------------------------------------------------------------------------------------------------------------------------------------------------------------------------
  Bin Id                                            Marker lineage   # genomes   # markers   # marker sets   Completeness   Contamination   Strain heterogeneity   Genome size (bp)   # ambiguous bases   # scaffolds   # contigs   N50 (scaffolds)   N50 (contigs)   Mean scaffold length (bp)   Mean contig length (bp)   Longest scaffold (bp)   Longest contig (bp)     GC    GC std (scaffolds > 1kbp)   Coding density   Translation table   # predicted genes    0      1     2    3   4   5+  
------------------------------------------------------------------------------------------------------------------------------------------------------------------------------------------------------------------------------------------------------------------------------------------------------------------------------------------------------------------------------------------------------------------------------------------------------------------------------------------------------
  11813_EX_23_2024_K_PBC74148_final                   Vibrio (5)         70         1084          381           100.00           0.47               0.00               5334063                0                3            3           1966399          1966399               1778021                    1778021                  2304084                2304084         44.79              0.09                 85.77                11                 4746          0     1078   6    0   0   0   
  11813_EXE_34_2024_C_PBC74148_final                  Vibrio (5)         70         1084          381           100.00           0.26               0.00               5192869                0                7            7           3375299          3375299                741838                     741838                  3375299                3375299         44.83              0.64                 85.89                11                 4586          0     1079   5    0   0   0   
  11813_EXE_33_2024_F_PBC74148_final                  Vibrio (5)         70         1084          381           100.00           0.13               0.00               5003445                0                9            9           3267359          3267359                555938                     555938                  3267359                3267359         45.43              0.89                 85.86                11                 4457          0     1083   1    0   0   0   
  11813_EXE_33_2024_C_PBC74148_final                  Vibrio (5)         70         1084          381           100.00           0.13               0.00               5192967                0                14           14          3389645          3389645                370926                     370926                  3389645                3389645         44.81              0.76                 85.98                11                 4586          0     1083   1    0   0   0   
  11813_EXE_32_2024_G_PBC74148_final                  Vibrio (5)         70         1084          381           100.00           0.92              85.71               4968120                0                7            7           1123497          1123497                709731                     709731                  2031908                2031908         45.58              0.56                 86.03                11                 4419          0     1077   7    0   0   0   
  11813_EXE_30_2025_S_PBC74148_final                  Vibrio (5)         70         1084          381           100.00           0.17               0.00               4979636                0                11           11          3201228          3201228                452694                     452694                  3201228                3201228         45.47              1.63                 85.95                11                 4393          0     1082   2    0   0   0   
  11813_EXE_30_2025_L_PBC74148_final                  Vibrio (5)         70         1084          381           100.00           0.66               0.00               5217583                0                21           21          3368879          3368879                248456                     248456                  3368879                3368879         44.61              2.37                 85.82                11                 4647          0     1075   9    0   0   0   
  11813_EXE_30_2024_G_PBC74148_final                  Vibrio (5)         70         1084          381           100.00           0.86               0.00               6140041                0                5            5           1859798          1859798               1228008                    1228008                  2366177                2366177         45.03              1.26                 85.67                11                 5436          0     1077   7    0   0   0   
  11813_EXE_30_2024_F_PBC74148_final                  Vibrio (5)         70         1084          381           100.00           0.18               0.00               5330846                0                20           20          3352933          3352933                266542                     266542                  3352933                3352933         44.60              1.66                 85.40                11                 4800          0     1079   5    0   0   0   
  11813_EXE_29_2025_V_PBC74148_final                  Vibrio (5)         70         1084          381           100.00           0.53               0.00               5260959                0                3            3           3313267          3313267               1753653                    1753653                  3313267                3313267         44.94              0.65                 86.21                11                 4704          0     1075   9    0   0   0   
  11813_EXE_29_2025_HH_PBC74148_final                 Vibrio (5)         70         1084          381           100.00           0.14               0.00               5108874                0                5            5           1607294          1607294               1021774                    1021774                  2239838                2239838         45.37              0.60                 85.68                11                 4530          0     1082   2    0   0   0   
  11813_EXE_27_2025_D_PBC74148_final                  Vibrio (5)         70         1084          381           100.00           0.33               0.00               5194567                0                6            6           3368927          3368927                865761                     865761                  3368927                3368927         44.80              1.08                 85.88                11                 4633          0     1079   5    0   0   0   
  11813_EXE_27_2025_A_PBC74148_final                  Vibrio (5)         70         1084          381           100.00           0.51               0.00               6204871                0                6            6           3828699          3828699               1034145                    1034145                  3828699                3828699         44.92              1.50                 85.85                11                 5502          0     1080   4    0   0   0   
  11813_EXE_22_2025_T1A_PBC74148_final                Vibrio (5)         70         1084          381           100.00           0.29               0.00               5285069                0                3            3           3353936          3353936               1761689                    1761689                  3353936                3353936         44.79              0.56                 85.80                11                 4690          0     1077   7    0   0   0   
  11813_EXE_21_2025_F_PBC74148_final                  Vibrio (5)         70         1084          381           100.00           0.44               0.00               5326858                0                33           33          3351839          3351839                161419                     161419                  3351839                3351839         44.59              1.55                 85.39                11                 4807          0     1078   6    0   0   0   
  11813_EXE_20_2024_J_PBC74148_final                  Vibrio (5)         70         1084          381           100.00           0.20               0.00               5202567                0                2            2           3334477          3334477               2601283                    2601283                  3334477                3334477         44.88              0.06                 86.24                11                 4641          0     1080   4    0   0   0   
  11813_EXE_19_2024_M_PBC74148_final                  Vibrio (5)         70         1084          381           100.00           0.27               0.00               5144380                0                71           71          3316628          3316628                72456                      72456                   3316628                3316628         44.89              2.54                 86.07                11                 4637          0     1078   6    0   0   0   
  11813_EXE_13_2025_H_PBC74148_final                  Vibrio (5)         70         1084          381           100.00           0.72              14.29               4385174                0                13           13          3211347          3211347                337321                     337321                  3211347                3211347         42.85              1.38                 86.39                11                 3929          0     1079   4    1   0   0   
  11813_EXE_12_2025_A_PBC74148_final                  Vibrio (5)         70         1084          381           100.00           0.23               0.00               5123589                0                10           10          3241113          3241113                512358                     512358                  3241113                3241113         44.82              1.33                 85.98                11                 4515          0     1079   5    0   0   0   
  11813_EXE_09_2024_B_PBC74148_final                  Vibrio (5)         70         1084          381           100.00           0.18               0.00               5333978                0                33           33          3358984          3358984                161635                     161635                  3358984                3358984         44.63              1.77                 85.33                11                 4820          0     1079   5    0   0   0   
  11813_EXE_06_2024_E_PBC74148_final                  Vibrio (5)         70         1084          381           100.00           0.33               0.00               5218439                0                2            2           3352516          3352516               2609219                    2609219                  3352516                3352516         44.84              0.03                 85.90                11                 4608          0     1080   3    1   0   0   
  11813_EXE_01_2024_7_PBC74148_final                  Vibrio (5)         70         1084          381           100.00           0.18               0.00               5297337                0                27           27          3319419          3319419                196197                     196197                  3319419                3319419         44.59              1.79                 85.36                11                 4759          0     1079   5    0   0   0   
  11813_EXE_05_2024_A_PBC74148_final                  Vibrio (5)         70         1084          381           99.96            0.68               0.00               4134499                0                6            6           2577235          2577235                689083                     689083                  2577235                2577235         47.54              1.26                 86.59                11                 3604          2     1078   4    0   0   0   
  11813_EXE_28_2025_W_PBC74148_final                  Vibrio (5)         70         1084          381           99.91            0.57               0.00               4234954                0                2            2           3023614          3023614               2117477                    2117477                  3023614                3023614         45.25              0.60                 86.32                11                 3814          1     1078   5    0   0   0   
  11813_EXE_26_2025_A_PBC74148_final                  Vibrio (5)         70         1084          381           99.85            0.78               0.00               5967503                0                7            7           1837171          1837171                852500                     852500                  2281644                2281644         45.09              1.17                 86.01                11                 5284          2     1076   6    0   0   0   
  11813_EXE_28_2025_A_PBC74148_final                  Vibrio (5)         70         1084          381           99.74            0.43               0.00               5252430                0                14           14          3098159          3098159                375173                     375173                  3098159                3098159         44.13              1.85                 84.86                11                 4873          1     1077   5    1   0   0   
  11813_EXE22_2025_IVF5LA_PBC74148_final              Vibrio (5)         70         1084          381           99.74            0.78               0.00               6142252                0                21           21           396702           396702                292488                     292488                  1147293                1147293         44.98              1.19                 85.16                11                 5476          1     1074   8    1   0   0   
  11813_EXE_23_2025_L_PBC74148_final                  Vibrio (5)         70         1084          381           99.61            0.65              25.00               4297206                0                14           14           994550           994550                306943                     306943                  1284051                1284051         47.57              3.23                 87.41                11                 3928          2     1074   8    0   0   0   
  11813_EXE_34_2024_P_PBC74148_final                  Vibrio (5)         70         1084          381           99.21            0.13               0.00               4878188                0                13           13          3267373          3267373                375245                     375245                  3267373                3267373         45.47              1.18                 85.72                11                 4351          8     1075   1    0   0   0   
  11813_EXE_22_2025_DG3A_PBC74148_barcode18_final     Vibrio (5)         70         1084          381           99.19            2.36              53.57               6035389                0               112          112           134728           134728                53887                      53887                    520797                 520797         45.07              1.98                 85.59                11                 5384          14    1048   19   3   0   0   
  11813_EXE_26_2025_C_PBC74148_final                  Vibrio (5)         70         1084          381           98.43            0.65               0.00               5247844                0                39           39          3587961          3587961                134560                     134560                  3587961                3587961         45.32              1.58                 86.30                11                 4775          8     1068   7    1   0   0   
  11813_EXE_29_2025_K_PBC74148_final                  Vibrio (5)         70         1084          381           98.39            0.72              14.29               5837471                0                11           11           886854           886854                530679                     530679                  2802914                2802914         45.10              1.13                 85.84                11                 5167          11    1066   7    0   0   0   
  11813_EXE_22_2025_DG1LF_PBC7_final                  Vibrio (5)         70         1084          381           96.37            2.40              53.33               5807831                0               338          338           36448            36448                 17182                      17182                    231332                 231332         45.15              1.91                 85.86                11                 5355          24    1032   27   1   0   0   
  11813_EXE_20_2025_B_PBC74148_final                  Vibrio (5)         70         1084          381           96.02            0.28               0.00               5171571                0                16           16           419555           419555                323223                     323223                   880929                 880929         44.57              0.96                 84.30                11                 4999          51    1028   5    0   0   0   
  11813_EXE_33_2024_E_PBC74148_final                  Vibrio (5)         70         1084          381           63.27            3.51              83.67               3240755                0               867          867            3833             3833                  3737                       3737                    22398                  22398          46.05              1.78                 89.82                11                 3421         353    684    46   1   0   0   
  11813_EXE_30_2025_R_PBC74148_final                  Vibrio (5)         70         1084          381           52.16            3.22              88.89               2778219                0               771          771            3960             3960                  3603                       3603                    24353                  24353          46.73              1.75                 90.00                11                 2895         466    582    36   0   0   0   
  11813_EXE_01_2025_M_PBC74148_final                  Vibrio (5)         70         1084          381           49.44            0.90               0.00               2361202                0                44           44           74962            74962                 53663                      53663                    156953                 156953         43.69              1.05                 82.25                11                 2916         492    583    9    0   0   0   
  11813_EXE_03_2025_A_PBC74148_final                  Vibrio (5)         70         1084          381           40.71            1.56              88.89               1629067                0               519          519            2880             2880                  3138                       3138                    11939                  11939          46.45              1.92                 91.01                11                 1756         579    478    27   0   0   0   
  11813_EXE_25_2025_25N_PBC74148_final                Vibrio (5)         70         1084          381            0.45            0.00               0.00                31294                 0                2            2            25801            25801                 15647                      15647                    25801                  25801          46.37              2.62                 75.60                11                  32          1065    19    0    0   0   0   
  11813_EXE_24_2025_E_PBC74148_final                  Vibrio (5)         70         1084          381            0.13            0.00               0.00                124333                0                3            3            76680            76680                 41444                      41444                    76680                  76680          44.92              2.23                 82.45                11                 189          1083    1     0    0   0   0   
------------------------------------------------------------------------------------------------------------------------------------------------------------------------------------------------------------------------------------------------------------------------------------------------------------------------------------------------------------------------------------------------------------------------------------------------------------------------------------------------------
[2025-10-20 21:00:03] INFO: { Current stage: 0:00:09.840 || Total: 0:00:09.840 }
