Edge	8	16	2	0	0	0	47	-1
	Sequence	+edge_5_0_-disjointig_1_594092_770398 176306 -1 3800082 594092 770398
Edge	9	9	0	0	0	0	47	-1
	Sequence	-edge_5_0_-disjointig_1_594092_770398 176306 1 3800082 3029683 3205989
Edge	20	8	7	0	0	0	43	-1
	Sequence	+edge_11_0_+disjointig_1_3217071_3800078 583007 1 3800082 3217071 3800078
Edge	21	10	5	0	0	0	43	-1
	Sequence	-edge_11_0_+disjointig_1_3217071_3800078 583007 -1 3800082 3 583010
Edge	22	7	11	0	0	0	41	-1
	Sequence	+edge_12_0_+disjointig_1_95997_3018472 2922475 1 3800082 95997 3018472
Edge	23	1	10	0	0	0	41	-1
	Sequence	-edge_12_0_+disjointig_1_95997_3018472 2922475 -1 3800082 781609 3704084
Edge	24	17	17	0	0	0	35	-1
	Sequence	+edge_13_0_-disjointig_2_6_2294221 2294215 -2 2447507 6 2294221
Edge	25	13	13	0	0	0	35	-1
	Sequence	-edge_13_0_-disjointig_2_6_2294221 2294215 2 2447507 153285 2447500
Edge	26	4	4	0	0	0	54	-1
	Sequence	+edge_14_0_+disjointig_3_93120_192266 99146 3 192268 93120 192266
Edge	27	15	15	0	0	0	54	-1
	Sequence	-edge_14_0_+disjointig_3_93120_192266 99146 -3 192268 1 99147
Edge	28	11	9	0	0	0	44	-1
	Sequence	+edge_15_0_-1e218e88-6706-4c53-a4c3-4b1dffa512d1_37723_48924 11201 * 0 0 0
Edge	29	2	1	0	0	0	44	-1
	Sequence	-edge_15_0_-1e218e88-6706-4c53-a4c3-4b1dffa512d1_37723_48924 11201 * 0 0 0
Edge	30	5	16	0	0	0	45	-1
	Sequence	+edge_16_0_+6f96feef-1165-40f1-a9bf-980ff083c87b_1857_12926 11069 * 0 0 0
Edge	31	0	8	0	0	0	45	-1
	Sequence	-edge_16_0_+6f96feef-1165-40f1-a9bf-980ff083c87b_1857_12926 11069 * 0 0 0
