Edge	2	20	30	0	0	0	60	-1
	Sequence	+edge_2_0_-disjointig_1_712332_748689 36357 -1 3399943 712332 748689
Edge	3	51	25	0	0	0	60	-1
	Sequence	-edge_2_0_-disjointig_1_712332_748689 36357 1 3399943 2651253 2687610
Edge	4	48	6	0	0	0	52	-1
	Sequence	+edge_3_0_-disjointig_1_1052598_1170620 118022 -1 3399943 1052598 1170620
Edge	5	52	34	0	0	0	52	-1
	Sequence	-edge_3_0_-disjointig_1_1052598_1170620 118022 1 3399943 2229322 2347344
Edge	6	27	29	1	0	1	503	-1
	Sequence	+edge_4_0_+disjointig_1_38025_40023 1998 1 3399943 38025 40023
	Sequence	+edge_4_1_-disjointig_1_1170620_1172631 2011 -1 3399943 1170620 1172631
	Sequence	+edge_4_2_-disjointig_1_1047105_1049243 2138 -1 3399943 1047105 1049243
	Sequence	+edge_4_3_-disjointig_1_861953_864093 2140 -1 3399943 861953 864093
	Sequence	+edge_4_4_-disjointig_1_856311_858598 2287 -1 3399943 856311 858598
	Sequence	+edge_4_5_-disjointig_1_748689_750716 2027 -1 3399943 748689 750716
	Sequence	+edge_4_6_-disjointig_1_706782_708980 2198 -1 3399943 706782 708980
	Sequence	+edge_4_7_+disjointig_1_2775217_2777390 2173 1 3399943 2775217 2777390
	Sequence	+edge_4_8_+disjointig_1_3353888_3355892 2004 1 3399943 3353888 3355892
	Sequence	+edge_4_9_+disjointig_2_1140850_1143006 2156 2 1879320 1140850 1143006
Edge	7	31	33	1	0	1	503	-1
	Sequence	-edge_4_0_+disjointig_1_38025_40023 1998 -1 3399943 3359919 3361917
	Sequence	-edge_4_1_-disjointig_1_1170620_1172631 2011 1 3399943 2227311 2229322
	Sequence	-edge_4_2_-disjointig_1_1047105_1049243 2138 1 3399943 2350699 2352837
	Sequence	-edge_4_3_-disjointig_1_861953_864093 2140 1 3399943 2535849 2537989
	Sequence	-edge_4_4_-disjointig_1_856311_858598 2287 1 3399943 2541344 2543631
	Sequence	-edge_4_5_-disjointig_1_748689_750716 2027 1 3399943 2649226 2651253
	Sequence	-edge_4_6_-disjointig_1_706782_708980 2198 1 3399943 2690962 2693160
	Sequence	-edge_4_7_+disjointig_1_2775217_2777390 2173 -1 3399943 622552 624725
	Sequence	-edge_4_8_+disjointig_1_3353888_3355892 2004 -1 3399943 44050 46054
	Sequence	-edge_4_9_+disjointig_2_1140850_1143006 2156 -2 1879320 736313 738469
Edge	8	47	32	0	0	0	55	-1
	Sequence	+edge_5_0_-disjointig_1_867452_1043736 176284 -1 3399943 867452 1043736
Edge	9	49	15	0	0	0	55	-1
	Sequence	-edge_5_0_-disjointig_1_867452_1043736 176284 1 3399943 2356206 2532490
Edge	12	38	22	0	0	0	47	-1
	Sequence	+edge_7_0_-disjointig_1_1175989_2302033 1126044 -1 3399943 1175989 2302033
Edge	13	42	7	0	0	0	47	-1
	Sequence	-edge_7_0_-disjointig_1_1175989_2302033 1126044 1 3399943 1097909 2223953
Edge	14	54	16	0	0	0	56	-1
	Sequence	+edge_8_0_-disjointig_1_754071_807945 53874 -1 3399943 754071 807945
Edge	15	0	50	0	0	0	56	-1
	Sequence	-edge_8_0_-disjointig_1_754071_807945 53874 1 3399943 2591997 2645871
Edge	16	2	28	0	0	0	46	-1
	Sequence	+edge_9_0_-disjointig_1_813268_850989 37721 -1 3399943 813268 850989
Edge	17	19	1	0	0	0	46	-1
	Sequence	-edge_9_0_-disjointig_1_813268_850989 37721 1 3399943 2548953 2586674
Edge	18	18	55	0	0	0	54	-1
	Sequence	+edge_10_0_+disjointig_1_2780745_2975459 194714 1 3399943 2780745 2975459
Edge	19	57	10	0	0	0	54	-1
	Sequence	-edge_10_0_+disjointig_1_2780745_2975459 194714 -1 3399943 424483 619197
Edge	20	5	58	0	0	0	42	-1
	Sequence	+edge_11_0_+disjointig_2_1146361_1855697 709336 2 1879320 1146361 1855697
Edge	21	23	4	0	0	0	42	-1
	Sequence	-edge_11_0_+disjointig_2_1146361_1855697 709336 -2 1879320 23622 732958
Edge	22	46	8	0	0	0	62	-1
	Sequence	+edge_12_0_+disjointig_1_2693160_2775217 82057 1 3399943 2693160 2775217
Edge	23	9	44	0	0	0	62	-1
	Sequence	-edge_12_0_+disjointig_1_2693160_2775217 82057 -1 3399943 624725 706782
Edge	24	33	31	1	0	1	642	-1
	Sequence	+edge_13_0_-disjointig_1_3356538_3359919 3381 -1 3399943 3356538 3359919
	Sequence	+edge_13_1_+disjointig_1_2223953_2227311 3358 1 3399943 2223953 2227311
	Sequence	+edge_13_2_+disjointig_1_2347344_2350699 3355 1 3399943 2347344 2350699
	Sequence	+edge_13_3_+disjointig_1_2352837_2356206 3369 1 3399943 2352837 2356206
	Sequence	+edge_13_4_+disjointig_1_2532490_2535849 3359 1 3399943 2532490 2535849
	Sequence	+edge_13_5_+disjointig_1_2537989_2541344 3355 1 3399943 2537989 2541344
	Sequence	+edge_13_6_+disjointig_1_2543631_2546941 3310 1 3399943 2543631 2546941
	Sequence	+edge_13_7_+disjointig_1_2586674_2589985 3311 1 3399943 2586674 2589985
	Sequence	+edge_13_8_+disjointig_1_2645871_2649226 3355 1 3399943 2645871 2649226
	Sequence	+edge_13_9_+disjointig_1_2687610_2690962 3352 1 3399943 2687610 2690962
	Sequence	+edge_13_10_-disjointig_1_619197_622552 3355 -1 3399943 619197 622552
	Sequence	+edge_13_11_-disjointig_1_40668_44050 3382 -1 3399943 40668 44050
	Sequence	+edge_13_12_-disjointig_2_732958_736313 3355 -2 1879320 732958 736313
Edge	25	29	27	1	0	1	642	-1
	Sequence	-edge_13_0_-disjointig_1_3356538_3359919 3381 1 3399943 40023 43404
	Sequence	-edge_13_1_+disjointig_1_2223953_2227311 3358 -1 3399943 1172631 1175989
	Sequence	-edge_13_2_+disjointig_1_2347344_2350699 3355 -1 3399943 1049243 1052598
	Sequence	-edge_13_3_+disjointig_1_2352837_2356206 3369 -1 3399943 1043736 1047105
	Sequence	-edge_13_4_+disjointig_1_2532490_2535849 3359 -1 3399943 864093 867452
	Sequence	-edge_13_5_+disjointig_1_2537989_2541344 3355 -1 3399943 858598 861953
	Sequence	-edge_13_6_+disjointig_1_2543631_2546941 3310 -1 3399943 853001 856311
	Sequence	-edge_13_7_+disjointig_1_2586674_2589985 3311 -1 3399943 809957 813268
	Sequence	-edge_13_8_+disjointig_1_2645871_2649226 3355 -1 3399943 750716 754071
	Sequence	-edge_13_9_+disjointig_1_2687610_2690962 3352 -1 3399943 708980 712332
	Sequence	-edge_13_10_-disjointig_1_619197_622552 3355 1 3399943 2777390 2780745
	Sequence	-edge_13_11_-disjointig_1_40668_44050 3382 1 3399943 3355892 3359274
	Sequence	-edge_13_12_-disjointig_2_732958_736313 3355 2 1879320 1143006 1146361
Edge	26	3	14	0	0	0	44	-1
	Sequence	+edge_14_0_-disjointig_2_738469_1764743 1026274 -2 1879320 738469 1764743
Edge	27	40	41	0	0	0	44	-1
	Sequence	-edge_14_0_-disjointig_2_738469_1764743 1026274 2 1879320 114576 1140850
Edge	40	45	56	0	0	0	55	-1
	Sequence	+edge_21_0_-disjointig_1_402233_420636 18403 -1 3399943 402233 420636
Edge	41	37	53	0	0	0	55	-1
	Sequence	-edge_21_0_-disjointig_1_402233_420636 18403 1 3399943 2979306 2997709
Edge	44	58	59	0	0	0	37	-1
	Sequence	+edge_23_0_+disjointig_2_19247_20175 928 2 1879320 19247 20175
	Sequence	+edge_23_1_+disjointig_2_1855697_1856625 928 2 1879320 1855697 1856625
Edge	45	35	23	0	0	0	37	-1
	Sequence	-edge_23_0_+disjointig_2_19247_20175 928 -2 1879320 1859144 1860072
	Sequence	-edge_23_1_+disjointig_2_1855697_1856625 928 -2 1879320 22694 23622
Edge	48	36	13	0	0	0	53	-1
	Sequence	+edge_25_0_+disjointig_1_3001556_3353888 352332 1 3399943 3001556 3353888
Edge	49	39	26	0	0	0	53	-1
	Sequence	-edge_25_0_+disjointig_1_3001556_3353888 352332 -1 3399943 46054 398386
Edge	50	12	17	0	0	0	45	-1
	Sequence	+edge_26_0_+disjointig_1_43404_1094085 1050681 1 3399943 43404 1094085
Edge	51	43	11	0	0	0	45	-1
	Sequence	-edge_26_0_+disjointig_1_43404_1094085 1050681 -1 3399943 2305857 3356538
Edge	52	21	35	0	0	0	35	-1
	Sequence	+edge_27_0_-disjointig_2_1768566_1859144 90578 -2 1879320 1768566 1859144
Edge	53	59	24	0	0	0	35	-1
	Sequence	-edge_27_0_-disjointig_2_1768566_1859144 90578 2 1879320 20175 110753
Edge	54	28	47	0	0	0	50	-1
	Sequence	+edge_28_0_-daa65b46-c77d-4d1a-bba0-f4bd7576bf7f_7367_23821 16454 * 0 0 0
Edge	55	15	19	0	0	0	50	-1
	Sequence	-edge_28_0_-daa65b46-c77d-4d1a-bba0-f4bd7576bf7f_7367_23821 16454 * 0 0 0
Edge	56	14	21	0	0	0	39	-1
	Sequence	+edge_29_0_-7a460fee-bc11-42cb-841c-4a13bd007852_46454_50277 3823 * 0 0 0
Edge	57	24	40	0	0	0	39	-1
	Sequence	-edge_29_0_-7a460fee-bc11-42cb-841c-4a13bd007852_46454_50277 3823 * 0 0 0
Edge	58	17	42	0	0	0	46	-1
	Sequence	+edge_30_0_+4d0cdb9a-26ee-403d-ad93-fbe19ee33042_7973_11798 3825 * 0 0 0
Edge	59	22	43	0	0	0	46	-1
	Sequence	-edge_30_0_+4d0cdb9a-26ee-403d-ad93-fbe19ee33042_7973_11798 3825 * 0 0 0
Edge	60	44	20	0	0	0	61	-1
	Sequence	+edge_31_0_-630387c1-0e64-4805-8b7a-ccb999699c19_14411_19956 5545 * 0 0 0
Edge	61	25	46	0	0	0	61	-1
	Sequence	-edge_31_0_-630387c1-0e64-4805-8b7a-ccb999699c19_14411_19956 5545 * 0 0 0
Edge	62	32	48	0	0	0	53	-1
	Sequence	+edge_32_0_-79e60ae7-9668-41b9-927a-d7f71a1618f5_26475_35331 8856 * 0 0 0
Edge	63	34	49	0	0	0	53	-1
	Sequence	-edge_32_0_-79e60ae7-9668-41b9-927a-d7f71a1618f5_26475_35331 8856 * 0 0 0
Edge	64	53	36	0	0	0	54	-1
	Sequence	+edge_33_0_+e3c16cf4-670e-4630-a013-96861cc8faf6_17481_21326 3845 * 0 0 0
Edge	65	26	45	0	0	0	54	-1
	Sequence	-edge_33_0_+e3c16cf4-670e-4630-a013-96861cc8faf6_17481_21326 3845 * 0 0 0
Edge	66	50	51	0	0	0	58	-1
	Sequence	+edge_34_0_-c10d1728-1f6d-49b5-94c9-2f7794dee6c7_7829_13205 5376 * 0 0 0
Edge	67	30	54	0	0	0	58	-1
	Sequence	-edge_34_0_-c10d1728-1f6d-49b5-94c9-2f7794dee6c7_7829_13205 5376 * 0 0 0
Edge	68	55	37	0	0	0	54	-1
	Sequence	+edge_35_0_-ecd5fe3a-21d4-41e9-96d3-073077018975_20269_24116 3847 * 0 0 0
Edge	69	56	57	0	0	0	54	-1
	Sequence	-edge_35_0_-ecd5fe3a-21d4-41e9-96d3-073077018975_20269_24116 3847 * 0 0 0
Edge	74	13	12	0	0	0	49	-1
	Sequence	+edge_38_0_+67ba11b9-4a63-4e27-b2bf-5a71258dad50_15509_20892 5383 * 0 0 0
Edge	75	11	39	0	0	0	49	-1
	Sequence	-edge_38_0_+67ba11b9-4a63-4e27-b2bf-5a71258dad50_15509_20892 5383 * 0 0 0
Edge	76	10	9	0	0	0	58	-1
	Sequence	+edge_39_0_+4465f22b-c74b-408a-8028-41c2105334d8_602_6126 5524 * 0 0 0
Edge	77	8	18	0	0	0	58	-1
	Sequence	-edge_39_0_+4465f22b-c74b-408a-8028-41c2105334d8_602_6126 5524 * 0 0 0
Edge	78	7	52	0	0	0	49	-1
	Sequence	+edge_40_0_-2374d990-cb0b-471c-8590-ffd0df163edb_944_6309 5365 * 0 0 0
Edge	79	6	38	0	0	0	49	-1
	Sequence	-edge_40_0_-2374d990-cb0b-471c-8590-ffd0df163edb_944_6309 5365 * 0 0 0
Edge	80	41	5	0	0	0	43	-1
	Sequence	+edge_41_0_-9c56b201-4f6c-4351-ab14-cb74c2aa81ce_3837_9345 5508 * 0 0 0
Edge	81	4	3	0	0	0	43	-1
	Sequence	-edge_41_0_-9c56b201-4f6c-4351-ab14-cb74c2aa81ce_3837_9345 5508 * 0 0 0
Edge	82	16	2	0	0	0	51	-1
	Sequence	+edge_42_0_-59e7dd15-b3ca-4e7f-aa5c-c38c03ba3046_40744_46062 5318 * 0 0 0
Edge	83	1	0	0	0	0	51	-1
	Sequence	-edge_42_0_-59e7dd15-b3ca-4e7f-aa5c-c38c03ba3046_40744_46062 5318 * 0 0 0
