Edge	6	23	17	1	0	1	114	-1
	Sequence	+edge_4_0_+disjointig_1_259741_261593 1852 1 2983191 259741 261593
	Sequence	+edge_4_1_+disjointig_1_262117_263969 1852 1 2983191 262117 263969
	Sequence	+edge_4_2_+disjointig_1_264493_266345 1852 1 2983191 264493 266345
Edge	7	31	39	1	0	1	114	-1
	Sequence	-edge_4_0_+disjointig_1_259741_261593 1852 -1 2983191 2721597 2723449
	Sequence	-edge_4_1_+disjointig_1_262117_263969 1852 -1 2983191 2719221 2721073
	Sequence	-edge_4_2_+disjointig_1_264493_266345 1852 -1 2983191 2716845 2718697
Edge	8	39	31	1	0	1	78	-1
	Sequence	+edge_5_0_-disjointig_1_2721073_2721597 524 -1 2983191 2721073 2721597
	Sequence	+edge_5_1_-disjointig_1_2718697_2719221 524 -1 2983191 2718697 2719221
Edge	9	17	23	1	0	1	78	-1
	Sequence	-edge_5_0_-disjointig_1_2721073_2721597 524 1 2983191 261593 262117
	Sequence	-edge_5_1_-disjointig_1_2718697_2719221 524 1 2983191 263969 264493
Edge	10	25	1	0	0	0	50	-1
	Sequence	+edge_6_0_+disjointig_1_266345_985982 719637 1 2983191 266345 985982
Edge	11	0	10	0	0	0	50	-1
	Sequence	-edge_6_0_+disjointig_1_266345_985982 719637 -1 2983191 1997208 2716845
Edge	12	9	37	0	0	0	61	-1
	Sequence	+edge_7_0_+disjointig_1_991420_1393089 401669 1 2983191 991420 1393089
Edge	13	18	6	0	0	0	61	-1
	Sequence	-edge_7_0_+disjointig_1_991420_1393089 401669 -1 2983191 1590101 1991770
Edge	14	14	22	0	0	0	61	-1
	Sequence	+edge_8_0_+disjointig_1_1404411_1476206 71795 1 2983191 1404411 1476206
Edge	15	38	30	0	0	0	61	-1
	Sequence	-edge_8_0_+disjointig_1_1404411_1476206 71795 -1 2983191 1506984 1578779
Edge	16	36	4	0	0	0	58	-1
	Sequence	+edge_9_0_+disjointig_1_1481793_1545199 63406 1 2983191 1481793 1545199
Edge	17	2	19	0	0	0	58	-1
	Sequence	-edge_9_0_+disjointig_1_1481793_1545199 63406 -1 2983191 1437991 1501397
Edge	18	11	7	0	0	0	58	-1
	Sequence	+edge_10_0_-disjointig_1_855391_1283955 428564 -1 2983191 855391 1283955
Edge	19	8	41	0	0	0	58	-1
	Sequence	-edge_10_0_-disjointig_1_855391_1283955 428564 1 2983191 1699235 2127799
Edge	20	16	33	1	0	1	621	-1
	Sequence	+edge_11_0_+disjointig_1_985982_989324 3342 1 2983191 985982 989324
	Sequence	+edge_11_1_+disjointig_1_1393089_1396540 3451 1 2983191 1393089 1396540
	Sequence	+edge_11_2_+disjointig_1_1398925_1402258 3333 1 2983191 1398925 1402258
	Sequence	+edge_11_3_+disjointig_1_1476206_1479540 3334 1 2983191 1476206 1479540
	Sequence	+edge_11_4_+disjointig_1_1545199_1548637 3438 1 2983191 1545199 1548637
	Sequence	+edge_11_5_+disjointig_1_1550730_1554203 3473 1 2983191 1550730 1554203
	Sequence	+edge_11_6_+disjointig_1_1606939_1610283 3344 1 2983191 1606939 1610283
	Sequence	+edge_11_7_-disjointig_1_1289486_1292960 3474 -1 2983191 1289486 1292960
	Sequence	+edge_11_8_-disjointig_1_1283955_1287398 3443 -1 2983191 1283955 1287398
	Sequence	+edge_11_9_-disjointig_1_850042_853384 3342 -1 2983191 850042 853384
Edge	21	15	20	1	0	1	621	-1
	Sequence	-edge_11_0_+disjointig_1_985982_989324 3342 -1 2983191 1993866 1997208
	Sequence	-edge_11_1_+disjointig_1_1393089_1396540 3451 -1 2983191 1586650 1590101
	Sequence	-edge_11_2_+disjointig_1_1398925_1402258 3333 -1 2983191 1580932 1584265
	Sequence	-edge_11_3_+disjointig_1_1476206_1479540 3334 -1 2983191 1503650 1506984
	Sequence	-edge_11_4_+disjointig_1_1545199_1548637 3438 -1 2983191 1434553 1437991
	Sequence	-edge_11_5_+disjointig_1_1550730_1554203 3473 -1 2983191 1428987 1432460
	Sequence	-edge_11_6_+disjointig_1_1606939_1610283 3344 -1 2983191 1372907 1376251
	Sequence	-edge_11_7_-disjointig_1_1289486_1292960 3474 1 2983191 1690230 1693704
	Sequence	-edge_11_8_-disjointig_1_1283955_1287398 3443 1 2983191 1695792 1699235
	Sequence	-edge_11_9_-disjointig_1_850042_853384 3342 1 2983191 2129806 2133148
Edge	22	40	12	0	0	0	67	-1
	Sequence	+edge_12_0_+disjointig_1_1612455_1687798 75343 1 2983191 1612455 1687798
Edge	23	5	28	0	0	0	67	-1
	Sequence	-edge_12_0_+disjointig_1_1612455_1687798 75343 -1 2983191 1295392 1370735
Edge	24	20	15	1	0	1	511	-1
	Sequence	+edge_13_0_-disjointig_1_1991770_1993866 2096 -1 2983191 1991770 1993866
	Sequence	+edge_13_1_-disjointig_1_1584265_1586650 2385 -1 2983191 1584265 1586650
	Sequence	+edge_13_2_-disjointig_1_1578779_1580932 2153 -1 2983191 1578779 1580932
	Sequence	+edge_13_3_-disjointig_1_1501397_1503650 2253 -1 2983191 1501397 1503650
	Sequence	+edge_13_4_-disjointig_1_1432460_1434553 2093 -1 2983191 1432460 1434553
	Sequence	+edge_13_5_-disjointig_1_1370735_1372907 2172 -1 2983191 1370735 1372907
	Sequence	+edge_13_6_+disjointig_1_1693704_1695792 2088 1 2983191 1693704 1695792
	Sequence	+edge_13_7_+disjointig_1_2127799_2129806 2007 1 2983191 2127799 2129806
Edge	25	33	16	1	0	1	511	-1
	Sequence	-edge_13_0_-disjointig_1_1991770_1993866 2096 1 2983191 989324 991420
	Sequence	-edge_13_1_-disjointig_1_1584265_1586650 2385 1 2983191 1396540 1398925
	Sequence	-edge_13_2_-disjointig_1_1578779_1580932 2153 1 2983191 1402258 1404411
	Sequence	-edge_13_3_-disjointig_1_1501397_1503650 2253 1 2983191 1479540 1481793
	Sequence	-edge_13_4_-disjointig_1_1432460_1434553 2093 1 2983191 1548637 1550730
	Sequence	-edge_13_5_-disjointig_1_1370735_1372907 2172 1 2983191 1610283 1612455
	Sequence	-edge_13_6_+disjointig_1_1693704_1695792 2088 -1 2983191 1287398 1289486
	Sequence	-edge_13_7_+disjointig_1_2127799_2129806 2007 -1 2983191 853384 855391
Edge	26	13	3	0	0	0	66	-1
	Sequence	+edge_14_0_-disjointig_1_1376251_1426463 50212 -1 2983191 1376251 1426463
Edge	27	21	29	0	0	0	66	-1
	Sequence	-edge_14_0_-disjointig_1_1376251_1426463 50212 1 2983191 1556727 1606939
Edge	34	42	32	0	0	0	53	-1
	Sequence	+edge_18_0_+disjointig_1_2133148_2983182 850034 1 2983191 2133148 2983182
Edge	35	24	43	0	0	0	53	-1
	Sequence	-edge_18_0_+disjointig_1_2133148_2983182 850034 -1 2983191 8 850042
Edge	36	32	34	0	0	0	43	-1
	Sequence	+edge_19_0_+disjointig_1_43582_259741 216159 1 2983191 43582 259741
Edge	37	27	24	0	0	0	43	-1
	Sequence	-edge_19_0_+disjointig_1_43582_259741 216159 -1 2983191 2723449 2939608
Edge	38	35	35	0	0	0	52	-1
	Sequence	+edge_20_0_+disjointig_2_105966_1122743 1016777 2 1122749 105966 1122743
Edge	39	26	26	0	0	0	52	-1
	Sequence	-edge_20_0_+disjointig_2_105966_1122743 1016777 -2 1122749 5 1016782
Edge	40	22	36	0	0	0	59	-1
	Sequence	+edge_21_0_+03e7aa5d-6a6c-4a9a-8787-2549c9d7547e_42101_47683 5582 * 0 0 0
Edge	41	19	38	0	0	0	59	-1
	Sequence	-edge_21_0_+03e7aa5d-6a6c-4a9a-8787-2549c9d7547e_42101_47683 5582 * 0 0 0
Edge	42	28	13	0	0	0	66	-1
	Sequence	+edge_22_0_-ca00c3ee-8332-4b81-ba7f-f581382f28be_10705_16217 5512 * 0 0 0
Edge	43	29	40	0	0	0	66	-1
	Sequence	-edge_22_0_-ca00c3ee-8332-4b81-ba7f-f581382f28be_10705_16217 5512 * 0 0 0
Edge	44	41	42	0	0	0	55	-1
	Sequence	+edge_23_0_-0bd4da93-7bd0-464f-9305-de11a8438ffb_9257_14601 5344 * 0 0 0
Edge	45	43	11	0	0	0	55	-1
	Sequence	-edge_23_0_-0bd4da93-7bd0-464f-9305-de11a8438ffb_9257_14601 5344 * 0 0 0
Edge	46	10	27	0	0	0	46	-1
	Sequence	+edge_24_0_-3ebfd9a7-e0d9-4880-9f4e-124c8f0acd42_22561_29164 6603 * 0 0 0
Edge	47	34	25	0	0	0	46	-1
	Sequence	-edge_24_0_-3ebfd9a7-e0d9-4880-9f4e-124c8f0acd42_22561_29164 6603 * 0 0 0
Edge	48	30	18	0	0	0	61	-1
	Sequence	+edge_25_0_-fc370fa1-2d8a-4b54-88e0-bfa2bd767084_925_12236 11311 * 0 0 0
Edge	49	37	14	0	0	0	61	-1
	Sequence	-edge_25_0_-fc370fa1-2d8a-4b54-88e0-bfa2bd767084_925_12236 11311 * 0 0 0
Edge	50	12	8	0	0	0	62	-1
	Sequence	+edge_26_0_-4e9ce79b-4144-458f-9f86-8c3cfeaefcfb_6174_17607 11433 * 0 0 0
Edge	51	7	5	0	0	0	62	-1
	Sequence	-edge_26_0_-4e9ce79b-4144-458f-9f86-8c3cfeaefcfb_6174_17607 11433 * 0 0 0
Edge	52	4	21	0	0	0	62	-1
	Sequence	+edge_27_0_-ef9023c6-152d-4879-bd57-4595f8d111f8_4085_15605 11520 * 0 0 0
Edge	53	3	2	0	0	0	62	-1
	Sequence	-edge_27_0_-ef9023c6-152d-4879-bd57-4595f8d111f8_4085_15605 11520 * 0 0 0
Edge	54	1	9	0	0	0	55	-1
	Sequence	+edge_28_0_-8595eb2c-0e12-45a5-a90c-1ec4fb560b38_34040_39476 5436 * 0 0 0
Edge	55	6	0	0	0	0	55	-1
	Sequence	-edge_28_0_-8595eb2c-0e12-45a5-a90c-1ec4fb560b38_34040_39476 5436 * 0 0 0
