Edge	8	27	47	0	0	0	27	-1
	Sequence	+edge_5_0_-disjointig_1_2640165_2740065 99900 -1 3459726 2640165 2740065
Edge	9	44	5	0	0	0	27	-1
	Sequence	-edge_5_0_-disjointig_1_2640165_2740065 99900 1 3459726 719660 819560
Edge	10	34	38	0	0	0	33	-1
	Sequence	+edge_6_0_-disjointig_1_2750805_2920209 169404 -1 3459726 2750805 2920209
Edge	11	37	16	0	0	0	33	-1
	Sequence	-edge_6_0_-disjointig_1_2750805_2920209 169404 1 3459726 539516 708920
Edge	12	40	30	0	0	0	29	-1
	Sequence	+edge_7_0_-disjointig_1_2930808_2968834 38026 -1 3459726 2930808 2968834
Edge	13	24	35	0	0	0	29	-1
	Sequence	-edge_7_0_-disjointig_1_2930808_2968834 38026 1 3459726 490891 528917
Edge	14	32	7	0	0	0	30	-1
	Sequence	+edge_8_0_-disjointig_1_2979798_3033664 53866 -1 3459726 2979798 3033664
Edge	15	6	29	0	0	0	30	-1
	Sequence	-edge_8_0_-disjointig_1_2979798_3033664 53866 1 3459726 426061 479927
Edge	16	23	18	0	0	0	24	-1
	Sequence	+edge_9_0_-disjointig_1_3039058_3075433 36375 -1 3459726 3039058 3075433
Edge	17	12	8	0	0	0	24	-1
	Sequence	-edge_9_0_-disjointig_1_3039058_3075433 36375 1 3459726 384292 420667
Edge	18	45	13	0	0	0	35	-1
	Sequence	+edge_10_0_+disjointig_1_296689_378748 82059 1 3459726 296689 378748
Edge	19	33	31	0	0	0	35	-1
	Sequence	-edge_10_0_+disjointig_1_296689_378748 82059 -1 3459726 3080977 3163036
Edge	26	4	26	0	0	0	31	-1
	Sequence	+edge_14_0_+disjointig_1_824908_1857198 1032290 1 3459726 824908 1857198
Edge	27	0	3	0	0	0	31	-1
	Sequence	-edge_14_0_+disjointig_1_824908_1857198 1032290 -1 3459726 1602527 2634817
Edge	28	20	1	0	0	0	29	-1
	Sequence	+edge_15_0_-disjointig_1_337935_1600411 1262476 -1 3459726 337935 1600411
Edge	29	2	10	0	0	0	29	-1
	Sequence	-edge_15_0_-disjointig_1_337935_1600411 1262476 1 3459726 1859314 3121790
Edge	30	25	22	0	0	0	29	-1
	Sequence	+edge_16_0_+disjointig_2_184057_1277851 1093794 2 1858054 184057 1277851
Edge	31	42	21	0	0	0	29	-1
	Sequence	-edge_16_0_+disjointig_2_184057_1277851 1093794 -2 1858054 580202 1673996
Edge	38	17	14	0	0	0	30	-1
	Sequence	+edge_20_0_+disjointig_1_3127142_3459719 332577 1 3459726 3127142 3459719
Edge	39	15	36	0	0	0	30	-1
	Sequence	-edge_20_0_+disjointig_1_3127142_3459719 332577 -1 3459726 6 332583
Edge	40	14	43	0	0	0	34	-1
	Sequence	+edge_21_0_+disjointig_1_70079_291159 221080 1 3459726 70079 291159
Edge	41	46	15	0	0	0	34	-1
	Sequence	-edge_21_0_+disjointig_1_70079_291159 221080 -1 3459726 3168566 3389646
Edge	44	19	28	0	0	0	32	-1
	Sequence	+edge_23_0_-disjointig_2_1679406_1857978 178572 -2 1858054 1679406 1857978
Edge	45	11	41	0	0	0	32	-1
	Sequence	-edge_23_0_-disjointig_2_1679406_1857978 178572 2 1858054 75 178647
Edge	46	28	9	0	0	0	29	-1
	Sequence	+edge_24_0_-disjointig_2_54331_578097 523766 -2 1858054 54331 578097
Edge	47	39	11	0	0	0	29	-1
	Sequence	-edge_24_0_-disjointig_2_54331_578097 523766 2 1858054 1279956 1803722
Edge	48	10	17	0	0	0	29	-1
	Sequence	+edge_25_0_+23034ddd-a0fe-4074-a91a-bae7ecd653b9_13638_18989 5351 * 0 0 0
Edge	49	36	20	0	0	0	29	-1
	Sequence	-edge_25_0_+23034ddd-a0fe-4074-a91a-bae7ecd653b9_13638_18989 5351 * 0 0 0
Edge	50	8	6	0	0	0	27	-1
	Sequence	+edge_26_0_-e1d3c8a7-53e3-430b-8d0c-7c9a874cb6d2_14342_19735 5393 * 0 0 0
Edge	51	7	23	0	0	0	27	-1
	Sequence	-edge_26_0_-e1d3c8a7-53e3-430b-8d0c-7c9a874cb6d2_14342_19735 5393 * 0 0 0
Edge	52	5	4	0	0	0	29	-1
	Sequence	+edge_27_0_-194c365c-89cf-40c8-a2e3-effcc50af094_2196_7543 5347 * 0 0 0
Edge	53	3	27	0	0	0	29	-1
	Sequence	-edge_27_0_-194c365c-89cf-40c8-a2e3-effcc50af094_2196_7543 5347 * 0 0 0
Edge	54	29	24	0	0	0	29	-1
	Sequence	+edge_28_0_+5e85a4b3-6ce8-4da9-bd89-89ff71abe881_11132_22094 10962 * 0 0 0
Edge	55	30	32	0	0	0	29	-1
	Sequence	-edge_28_0_+5e85a4b3-6ce8-4da9-bd89-89ff71abe881_11132_22094 10962 * 0 0 0
Edge	56	18	33	0	0	0	29	-1
	Sequence	+edge_29_0_+0ce4b9fd-b09b-4b81-b6f5-73e31167011f_1434_6977 5543 * 0 0 0
Edge	57	13	12	0	0	0	29	-1
	Sequence	-edge_29_0_+0ce4b9fd-b09b-4b81-b6f5-73e31167011f_1434_6977 5543 * 0 0 0
Edge	58	35	37	0	0	0	31	-1
	Sequence	+edge_30_0_-fccf5f25-f8b1-4414-a5c3-b82357fec144_13199_23788 10589 * 0 0 0
Edge	59	38	40	0	0	0	31	-1
	Sequence	-edge_30_0_-fccf5f25-f8b1-4414-a5c3-b82357fec144_13199_23788 10589 * 0 0 0
Edge	60	41	25	0	0	0	30	-1
	Sequence	+edge_31_0_+efdb4a97-0316-4db3-b615-8d302ccc8f2d_1644_7052 5408 * 0 0 0
Edge	61	21	19	0	0	0	30	-1
	Sequence	-edge_31_0_+efdb4a97-0316-4db3-b615-8d302ccc8f2d_1644_7052 5408 * 0 0 0
Edge	62	22	39	0	0	0	29	-1
	Sequence	+edge_32_0_-8af850bc-8920-4642-b7ae-741651178847_7860_9965 2105 * 0 0 0
Edge	63	9	42	0	0	0	29	-1
	Sequence	-edge_32_0_-8af850bc-8920-4642-b7ae-741651178847_7860_9965 2105 * 0 0 0
Edge	64	43	45	0	0	0	34	-1
	Sequence	+edge_33_0_-1c6b0788-a30a-40a4-ba99-173116d30000_7270_12795 5525 * 0 0 0
Edge	65	31	46	0	0	0	34	-1
	Sequence	-edge_33_0_-1c6b0788-a30a-40a4-ba99-173116d30000_7270_12795 5525 * 0 0 0
Edge	66	16	44	0	0	0	30	-1
	Sequence	+edge_34_0_-f5cb421b-785f-486e-af22-21b984002c1c_7275_18011 10736 * 0 0 0
Edge	67	47	34	0	0	0	30	-1
	Sequence	-edge_34_0_-f5cb421b-785f-486e-af22-21b984002c1c_7275_18011 10736 * 0 0 0
Edge	68	26	2	0	0	0	30	-1
	Sequence	+edge_35_0_-96f8b56f-b0c8-4744-9f4f-db6e7ef77bc1_30057_32173 2116 * 0 0 0
Edge	69	1	0	0	0	0	30	-1
	Sequence	-edge_35_0_-96f8b56f-b0c8-4744-9f4f-db6e7ef77bc1_30057_32173 2116 * 0 0 0
