Edge	8	36	11	0	0	0	56	-1
	Sequence	+edge_5_0_-disjointig_2_377966_413740 35774 -2 3318383 377966 413740
Edge	9	14	4	0	0	0	56	-1
	Sequence	-edge_5_0_-disjointig_2_377966_413740 35774 2 3318383 2904642 2940416
Edge	10	22	24	0	0	0	70	-1
	Sequence	+edge_6_0_-disjointig_2_419208_473273 54065 -2 3318383 419208 473273
Edge	11	0	12	0	0	0	70	-1
	Sequence	-edge_6_0_-disjointig_2_419208_473273 54065 2 3318383 2845109 2899174
Edge	12	7	25	0	0	0	64	-1
	Sequence	+edge_7_0_-disjointig_2_484204_523151 38947 -2 3318383 484204 523151
Edge	13	6	21	0	0	0	64	-1
	Sequence	-edge_7_0_-disjointig_2_484204_523151 38947 2 3318383 2795231 2834178
Edge	14	8	13	0	0	0	61	-1
	Sequence	+edge_8_0_-disjointig_2_534163_709050 174887 -2 3318383 534163 709050
Edge	15	1	37	0	0	0	61	-1
	Sequence	-edge_8_0_-disjointig_2_534163_709050 174887 2 3318383 2609332 2784219
Edge	16	10	32	0	0	0	61	-1
	Sequence	+edge_9_0_-disjointig_2_719952_847702 127750 -2 3318383 719952 847702
Edge	17	30	2	0	0	0	61	-1
	Sequence	-edge_9_0_-disjointig_2_719952_847702 127750 2 3318383 2470680 2598430
Edge	18	33	29	0	0	0	43	-1
	Sequence	+edge_10_0_+disjointig_2_317783_2465301 2147518 2 3318383 317783 2465301
Edge	19	17	19	0	0	0	43	-1
	Sequence	-edge_10_0_+disjointig_2_317783_2465301 2147518 -2 3318383 853081 3000599
Edge	22	3	35	0	0	0	60	-1
	Sequence	+edge_12_0_+disjointig_2_2945929_3028010 82081 2 3318383 2945929 3028010
Edge	23	34	5	0	0	0	60	-1
	Sequence	-edge_12_0_+disjointig_2_2945929_3028010 82081 -2 3318383 290372 372453
Edge	28	9	16	0	0	0	43	-1
	Sequence	+edge_15_0_+disjointig_1_342965_1836685 1493720 1 1836694 342965 1836685
Edge	29	18	15	0	0	0	43	-1
	Sequence	-edge_15_0_+disjointig_1_342965_1836685 1493720 -1 1836694 8 1493728
Edge	30	16	39	0	0	0	46	-1
	Sequence	+edge_16_0_+disjointig_1_84319_337376 253057 1 1836694 84319 337376
Edge	31	38	18	0	0	0	46	-1
	Sequence	-edge_16_0_+disjointig_1_84319_337376 253057 -1 1836694 1499317 1752374
Edge	32	23	20	0	0	0	67	-1
	Sequence	+edge_17_0_+disjointig_2_3033520_3318371 284851 2 3318383 3033520 3318371
Edge	33	26	31	0	0	0	67	-1
	Sequence	-edge_17_0_+disjointig_2_3033520_3318371 284851 -2 3318383 11 284862
Edge	34	20	28	0	0	0	52	-1
	Sequence	+edge_18_0_+disjointig_2_51018_312342 261324 2 3318383 51018 312342
Edge	35	27	26	0	0	0	52	-1
	Sequence	-edge_18_0_+disjointig_2_51018_312342 261324 -2 3318383 3006040 3267364
Edge	36	12	14	0	0	0	63	-1
	Sequence	+edge_19_0_-33a404c7-a181-41cc-98d9-c656a9ba0e89_9485_14949 5464 * 0 0 0
Edge	37	11	22	0	0	0	63	-1
	Sequence	-edge_19_0_-33a404c7-a181-41cc-98d9-c656a9ba0e89_9485_14949 5464 * 0 0 0
Edge	38	19	27	0	0	0	47	-1
	Sequence	+edge_20_0_+a29a9615-0980-4988-89d2-160ac6a71e59_737_6174 5437 * 0 0 0
Edge	39	28	33	0	0	0	47	-1
	Sequence	-edge_20_0_+a29a9615-0980-4988-89d2-160ac6a71e59_737_6174 5437 * 0 0 0
Edge	40	29	30	0	0	0	52	-1
	Sequence	+edge_21_0_+8c679641-98ce-49f6-8a60-b64192515f35_13564_18939 5375 * 0 0 0
Edge	41	32	17	0	0	0	52	-1
	Sequence	-edge_21_0_+8c679641-98ce-49f6-8a60-b64192515f35_13564_18939 5375 * 0 0 0
Edge	42	31	34	0	0	0	63	-1
	Sequence	+edge_22_0_-778a6faf-f5a4-46ba-b6bf-ec8978754fc1_37222_42728 5506 * 0 0 0
Edge	43	35	23	0	0	0	63	-1
	Sequence	-edge_22_0_-778a6faf-f5a4-46ba-b6bf-ec8978754fc1_37222_42728 5506 * 0 0 0
Edge	44	15	38	0	0	0	44	-1
	Sequence	+edge_23_0_+1af07e16-1b75-42c9-899a-65e10461a876_5343_10928 5585 * 0 0 0
Edge	45	39	9	0	0	0	44	-1
	Sequence	-edge_23_0_+1af07e16-1b75-42c9-899a-65e10461a876_5343_10928 5585 * 0 0 0
Edge	46	25	8	0	0	0	62	-1
	Sequence	+edge_24_0_-6bd4c552-bb85-4f22-99f2-58a9e2255bd1_12978_23981 11003 * 0 0 0
Edge	47	37	6	0	0	0	62	-1
	Sequence	-edge_24_0_-6bd4c552-bb85-4f22-99f2-58a9e2255bd1_12978_23981 11003 * 0 0 0
Edge	48	5	36	0	0	0	58	-1
	Sequence	+edge_25_0_-185566ee-0698-49f0-805e-4355b413f013_12942_18453 5511 * 0 0 0
Edge	49	4	3	0	0	0	58	-1
	Sequence	-edge_25_0_-185566ee-0698-49f0-805e-4355b413f013_12942_18453 5511 * 0 0 0
Edge	50	2	1	0	0	0	61	-1
	Sequence	+edge_26_0_-fb13e50b-dff0-4954-a1c9-0e980660c117_15816_26709 10893 * 0 0 0
Edge	51	13	10	0	0	0	61	-1
	Sequence	-edge_26_0_-fb13e50b-dff0-4954-a1c9-0e980660c117_15816_26709 10893 * 0 0 0
Edge	52	21	0	0	0	0	67	-1
	Sequence	+edge_27_0_-02995bdd-f097-44dc-a808-d55079bf9aeb_27794_38714 10920 * 0 0 0
Edge	53	24	7	0	0	0	67	-1
	Sequence	-edge_27_0_-02995bdd-f097-44dc-a808-d55079bf9aeb_27794_38714 10920 * 0 0 0
