Edge	2	48	54	1	0	0	0	2
	Sequence	+edge_2_0_+disjointig_1_22031_23266 1235 1 3422421 22031 23266
Edge	3	55	69	1	0	0	0	3
	Sequence	-edge_2_0_+disjointig_1_22031_23266 1235 -1 3422421 3399154 3400389
Edge	4	48	54	1	0	0	36	2
	Sequence	+edge_3_0_+disjointig_1_3370575_3374396 3821 1 3422421 3370575 3374396
Edge	5	55	69	1	0	0	36	3
	Sequence	-edge_3_0_+disjointig_1_3370575_3374396 3821 -1 3422421 48024 51845
Edge	14	16	14	0	0	0	41	-1
	Sequence	+edge_8_0_+disjointig_1_856181_1382326 526145 1 3422421 856181 1382326
Edge	15	12	42	0	0	0	41	-1
	Sequence	-edge_8_0_+disjointig_1_856181_1382326 526145 -1 3422421 2040094 2566239
Edge	16	44	63	0	0	0	37	-1
	Sequence	+edge_9_0_-disjointig_1_1483104_1609505 126401 -1 3422421 1483104 1609505
Edge	17	72	89	0	0	0	37	-1
	Sequence	-edge_9_0_-disjointig_1_1483104_1609505 126401 1 3422421 1812915 1939316
Edge	18	3	60	0	0	0	43	-1
	Sequence	+edge_10_0_-disjointig_1_1849059_1903110 54051 -1 3422421 1849059 1903110
Edge	19	40	4	0	0	0	43	-1
	Sequence	-edge_10_0_-disjointig_1_1849059_1903110 54051 1 3422421 1519310 1573361
Edge	20	74	6	0	0	0	38	-1
	Sequence	+edge_11_0_-disjointig_1_1908504_1946906 38402 -1 3422421 1908504 1946906
Edge	21	8	41	0	0	0	38	-1
	Sequence	-edge_11_0_-disjointig_1_1908504_1946906 38402 1 3422421 1475514 1513916
Edge	22	64	71	0	0	0	42	-1
	Sequence	+edge_12_0_+disjointig_1_1387879_1469965 82086 1 3422421 1387879 1469965
Edge	23	5	13	0	0	0	42	-1
	Sequence	-edge_12_0_+disjointig_1_1387879_1469965 82086 -1 3422421 1952455 2034541
Edge	26	85	80	0	0	0	38	-1
	Sequence	+edge_14_0_-disjointig_1_1620216_1671657 51441 -1 3422421 1620216 1671657
Edge	27	84	46	0	0	0	38	-1
	Sequence	-edge_14_0_-disjointig_1_1620216_1671657 51441 1 3422421 1750763 1802204
Edge	28	22	43	0	0	0	43	-1
	Sequence	+edge_15_0_-disjointig_1_1800127_1830729 30602 -1 3422421 1800127 1830729
Edge	29	37	49	0	0	0	43	-1
	Sequence	-edge_15_0_-disjointig_1_1800127_1830729 30602 1 3422421 1591691 1622293
Edge	34	57	38	0	0	0	37	-1
	Sequence	+edge_18_0_+disjointig_1_1584168_1590514 6346 1 3422421 1584168 1590514
Edge	35	39	7	0	0	0	37	-1
	Sequence	-edge_18_0_+disjointig_1_1584168_1590514 6346 -1 3422421 1831906 1838252
Edge	36	62	83	0	0	0	40	-1
	Sequence	+edge_19_0_+disjointig_1_1633107_1749586 116479 1 3422421 1633107 1749586
Edge	37	70	66	0	0	0	40	-1
	Sequence	-edge_19_0_+disjointig_1_1633107_1749586 116479 -1 3422421 1672834 1789313
Edge	38	47	10	0	0	0	40	-1
	Sequence	+edge_20_0_+disjointig_1_1944715_2754953 810238 1 3422421 1944715 2754953
Edge	39	9	56	0	0	0	40	-1
	Sequence	-edge_20_0_+disjointig_1_1944715_2754953 810238 -1 3422421 667467 1477705
Edge	46	11	28	0	0	0	32	-1
	Sequence	+edge_24_0_-disjointig_1_564695_619955 55260 -1 3422421 564695 619955
Edge	47	29	18	0	0	0	32	-1
	Sequence	-edge_24_0_-disjointig_1_564695_619955 55260 1 3422421 2802465 2857725
Edge	48	51	30	0	0	0	35	-1
	Sequence	+edge_25_0_+disjointig_1_2756762_2801321 44559 1 3422421 2756762 2801321
Edge	49	33	53	0	0	0	35	-1
	Sequence	-edge_25_0_+disjointig_1_2756762_2801321 44559 -1 3422421 621099 665658
Edge	50	65	52	0	0	0	38	-1
	Sequence	+edge_26_0_+disjointig_1_2859534_3012981 153447 1 3422421 2859534 3012981
Edge	51	24	61	0	0	0	38	-1
	Sequence	-edge_26_0_+disjointig_1_2859534_3012981 153447 -1 3422421 409439 562886
Edge	62	17	19	0	0	0	36	-1
	Sequence	+edge_32_0_+disjointig_1_3021346_3252448 231102 1 3422421 3021346 3252448
Edge	63	20	45	0	0	0	36	-1
	Sequence	-edge_32_0_+disjointig_1_3021346_3252448 231102 -1 3422421 169972 401074
Edge	66	23	82	0	0	0	35	-1
	Sequence	+edge_34_0_-disjointig_1_167135_168398 1263 -1 3422421 167135 168398
Edge	67	79	50	0	0	0	35	-1
	Sequence	-edge_34_0_-disjointig_1_167135_168398 1263 1 3422421 3254022 3255285
Edge	72	67	67	1	0	1	83	-1
	Sequence	+edge_37_0_+disjointig_3_15897_16908 1011 3 260598 15897 16908
	Sequence	+edge_37_1_+disjointig_3_19552_20499 947 3 260598 19552 20499
	Sequence	+edge_37_2_+disjointig_3_23407_24354 947 3 260598 23407 24354
	Sequence	+edge_37_3_+disjointig_3_154081_155028 947 3 260598 154081 155028
	Sequence	+edge_37_4_+disjointig_3_157664_158610 946 3 260598 157664 158610
	Sequence	+edge_37_5_+disjointig_3_161518_162465 947 3 260598 161518 162465
Edge	73	77	77	1	0	1	83	-1
	Sequence	-edge_37_0_+disjointig_3_15897_16908 1011 -3 260598 243689 244700
	Sequence	-edge_37_1_+disjointig_3_19552_20499 947 -3 260598 240098 241045
	Sequence	-edge_37_2_+disjointig_3_23407_24354 947 -3 260598 236243 237190
	Sequence	-edge_37_3_+disjointig_3_154081_155028 947 -3 260598 105569 106516
	Sequence	-edge_37_4_+disjointig_3_157664_158610 946 -3 260598 101987 102933
	Sequence	-edge_37_5_+disjointig_3_161518_162465 947 -3 260598 98132 99079
Edge	74	67	67	1	0	1	78	-1
	Sequence	+edge_38_0_+disjointig_3_19042_19552 510 3 260598 19042 19552
	Sequence	+edge_38_1_+disjointig_3_22896_23407 511 3 260598 22896 23407
	Sequence	+edge_38_2_+disjointig_3_157154_157664 510 3 260598 157154 157664
	Sequence	+edge_38_3_+disjointig_3_161007_161518 511 3 260598 161007 161518
Edge	75	77	77	1	0	1	78	-1
	Sequence	-edge_38_0_+disjointig_3_19042_19552 510 -3 260598 241045 241555
	Sequence	-edge_38_1_+disjointig_3_22896_23407 511 -3 260598 237190 237701
	Sequence	-edge_38_2_+disjointig_3_157154_157664 510 -3 260598 102933 103443
	Sequence	-edge_38_3_+disjointig_3_161007_161518 511 -3 260598 99079 99590
Edge	76	67	68	1	0	1	89	-1
	Sequence	+edge_39_0_+disjointig_3_16908_17976 1068 3 260598 16908 17976
	Sequence	+edge_39_1_+disjointig_3_20499_21567 1068 3 260598 20499 21567
	Sequence	+edge_39_2_+disjointig_3_24354_25422 1068 3 260598 24354 25422
	Sequence	+edge_39_3_+disjointig_3_155028_156025 997 3 260598 155028 156025
	Sequence	+edge_39_4_+disjointig_3_158610_159678 1068 3 260598 158610 159678
	Sequence	+edge_39_5_+disjointig_3_162465_163533 1068 3 260598 162465 163533
Edge	77	78	77	1	0	1	89	-1
	Sequence	-edge_39_0_+disjointig_3_16908_17976 1068 -3 260598 242621 243689
	Sequence	-edge_39_1_+disjointig_3_20499_21567 1068 -3 260598 239030 240098
	Sequence	-edge_39_2_+disjointig_3_24354_25422 1068 -3 260598 235175 236243
	Sequence	-edge_39_3_+disjointig_3_155028_156025 997 -3 260598 104572 105569
	Sequence	-edge_39_4_+disjointig_3_158610_159678 1068 -3 260598 100919 101987
	Sequence	-edge_39_5_+disjointig_3_162465_163533 1068 -3 260598 97064 98132
Edge	78	77	78	1	0	1	55	-1
	Sequence	+edge_40_0_-disjointig_3_241555_242621 1066 -3 260598 241555 242621
	Sequence	+edge_40_1_-disjointig_3_237701_239030 1329 -3 260598 237701 239030
	Sequence	+edge_40_2_-disjointig_3_103443_104572 1129 -3 260598 103443 104572
	Sequence	+edge_40_3_-disjointig_3_99590_100919 1329 -3 260598 99590 100919
Edge	79	68	67	1	0	1	55	-1
	Sequence	-edge_40_0_-disjointig_3_241555_242621 1066 3 260598 17976 19042
	Sequence	-edge_40_1_-disjointig_3_237701_239030 1329 3 260598 21567 22896
	Sequence	-edge_40_2_-disjointig_3_103443_104572 1129 3 260598 156025 157154
	Sequence	-edge_40_3_-disjointig_3_99590_100919 1329 3 260598 159678 161007
Edge	82	21	2	0	0	0	39	-1
	Sequence	+edge_42_0_+disjointig_1_3256860_3370575 113715 1 3422421 3256860 3370575
Edge	83	81	25	0	0	0	39	-1
	Sequence	-edge_42_0_+disjointig_1_3256860_3370575 113715 -1 3422421 51845 165560
Edge	84	1	76	0	0	0	40	-1
	Sequence	+edge_43_0_+disjointig_1_23266_850804 827538 1 3422421 23266 850804
Edge	85	15	0	0	0	0	40	-1
	Sequence	-edge_43_0_+disjointig_1_23266_850804 827538 -1 3422421 2571616 3399154
Edge	88	31	75	0	0	0	39	-1
	Sequence	+edge_45_0_-disjointig_2_1270281_1937516 667235 -2 1937524 1270281 1937516
Edge	89	73	36	0	0	0	39	-1
	Sequence	-edge_45_0_-disjointig_2_1270281_1937516 667235 2 1937524 7 667242
Edge	90	75	32	0	0	0	38	-1
	Sequence	+edge_46_0_-disjointig_2_90802_1264728 1173926 -2 1937524 90802 1264728
Edge	91	34	73	0	0	0	38	-1
	Sequence	-edge_46_0_-disjointig_2_90802_1264728 1173926 2 1937524 672795 1846721
Edge	92	26	59	0	0	0	31	-1
	Sequence	+edge_47_0_+disjointig_3_125856_154081 28225 3 260598 125856 154081
Edge	93	87	58	0	0	0	31	-1
	Sequence	-edge_47_0_+disjointig_3_125856_154081 28225 -3 260598 106516 134741
Edge	94	35	86	0	0	0	31	-1
	Sequence	+edge_48_0_-disjointig_3_135885_235175 99290 -3 260598 135885 235175
Edge	95	88	27	0	0	0	31	-1
	Sequence	-edge_48_0_-disjointig_3_135885_235175 99290 3 260598 25422 124712
Edge	96	80	70	0	0	0	39	-1
	Sequence	+edge_49_0_+47158ff8-8316-4f2b-b14f-f3572a422143_631_1809 1178 * 0 0 0
Edge	97	83	84	0	0	0	39	-1
	Sequence	-edge_49_0_+47158ff8-8316-4f2b-b14f-f3572a422143_631_1809 1178 * 0 0 0
Edge	98	46	72	0	0	0	37	-1
	Sequence	+edge_50_0_-ebc1a83c-7297-4578-a61f-afc30f40f3c7_1441_12146 10705 * 0 0 0
Edge	99	63	85	0	0	0	37	-1
	Sequence	-edge_50_0_-ebc1a83c-7297-4578-a61f-afc30f40f3c7_1441_12146 10705 * 0 0 0
Edge	100	86	87	0	0	0	31	-1
	Sequence	+edge_51_0_+495f945b-5a6b-49dc-98af-6f1a32f4625c_19397_28858 9461 * 0 0 0
Edge	101	59	88	0	0	0	31	-1
	Sequence	-edge_51_0_+495f945b-5a6b-49dc-98af-6f1a32f4625c_19397_28858 9461 * 0 0 0
Edge	102	89	47	0	0	0	38	-1
	Sequence	+edge_52_0_+5e24c697-8e9e-47ee-93b5-7e38217b617e_4400_9796 5396 * 0 0 0
Edge	103	56	44	0	0	0	38	-1
	Sequence	-edge_52_0_+5e24c697-8e9e-47ee-93b5-7e38217b617e_4400_9796 5396 * 0 0 0
Edge	104	41	40	0	0	0	40	-1
	Sequence	+edge_53_0_+d75764ac-a1cb-4780-8df1-579e2c83e239_10905_16299 5394 * 0 0 0
Edge	105	60	74	0	0	0	40	-1
	Sequence	-edge_53_0_+d75764ac-a1cb-4780-8df1-579e2c83e239_10905_16299 5394 * 0 0 0
Edge	106	43	39	0	0	0	40	-1
	Sequence	+edge_54_0_+7127b72d-2134-4c0b-97c9-a6d3440e7e2a_3209_4387 1178 * 0 0 0
Edge	107	38	37	0	0	0	40	-1
	Sequence	-edge_54_0_+7127b72d-2134-4c0b-97c9-a6d3440e7e2a_3209_4387 1178 * 0 0 0
Edge	108	36	34	0	0	0	38	-1
	Sequence	+edge_55_0_-5404fe54-91c3-490a-933e-1ff949d27186_6604_12143 5539 * 0 0 0
Edge	109	32	31	0	0	0	38	-1
	Sequence	-edge_55_0_-5404fe54-91c3-490a-933e-1ff949d27186_6604_12143 5539 * 0 0 0
Edge	110	30	29	0	0	0	33	-1
	Sequence	+edge_56_0_+8dedfe4d-e4fc-40b6-9078-0b239e514c24_18355_19499 1144 * 0 0 0
Edge	111	28	33	0	0	0	33	-1
	Sequence	-edge_56_0_+8dedfe4d-e4fc-40b6-9078-0b239e514c24_18355_19499 1144 * 0 0 0
Edge	112	27	26	0	0	0	31	-1
	Sequence	+edge_57_0_+e54dc53e-7d2d-423c-beda-6d14ba0bfa7a_7228_8370 1142 * 0 0 0
Edge	113	58	35	0	0	0	31	-1
	Sequence	-edge_57_0_+e54dc53e-7d2d-423c-beda-6d14ba0bfa7a_7228_8370 1142 * 0 0 0
Edge	114	25	23	0	0	0	37	-1
	Sequence	+edge_58_0_+da5931e5-1dbe-41cf-aaa2-f9d34ca875f5_31325_32899 1574 * 0 0 0
Edge	115	50	21	0	0	0	37	-1
	Sequence	-edge_58_0_+da5931e5-1dbe-41cf-aaa2-f9d34ca875f5_31325_32899 1574 * 0 0 0
Edge	116	19	79	0	0	0	35	-1
	Sequence	+edge_59_0_+2c31a9e2-8604-4c8f-a0a9-f6aaa2859824_4612_6187 1575 * 0 0 0
Edge	117	82	20	0	0	0	35	-1
	Sequence	-edge_59_0_+2c31a9e2-8604-4c8f-a0a9-f6aaa2859824_4612_6187 1575 * 0 0 0
Edge	118	45	24	0	0	0	37	-1
	Sequence	+edge_60_0_+70c4f91f-e0af-45f4-b586-6c77ff2de4cd_2258_10624 8366 * 0 0 0
Edge	119	52	17	0	0	0	37	-1
	Sequence	-edge_60_0_+70c4f91f-e0af-45f4-b586-6c77ff2de4cd_2258_10624 8366 * 0 0 0
Edge	120	76	16	0	0	0	40	-1
	Sequence	+edge_61_0_-bf918c11-7a78-4a6b-ada2-4f53f5f41c76_4674_10049 5375 * 0 0 0
Edge	121	42	15	0	0	0	40	-1
	Sequence	-edge_61_0_-bf918c11-7a78-4a6b-ada2-4f53f5f41c76_4674_10049 5375 * 0 0 0
Edge	122	14	64	0	0	0	41	-1
	Sequence	+edge_62_0_+b9210ae1-aeb5-4962-a901-938c7f647a80_26216_31769 5553 * 0 0 0
Edge	123	13	12	0	0	0	41	-1
	Sequence	-edge_62_0_+b9210ae1-aeb5-4962-a901-938c7f647a80_26216_31769 5553 * 0 0 0
Edge	124	66	22	0	0	0	41	-1
	Sequence	+edge_63_0_+f0918277-4685-4562-a45c-6e0b6169e034_4432_15244 10812 * 0 0 0
Edge	125	49	62	0	0	0	41	-1
	Sequence	-edge_63_0_+f0918277-4685-4562-a45c-6e0b6169e034_4432_15244 10812 * 0 0 0
Edge	126	18	65	0	0	0	35	-1
	Sequence	+edge_64_0_-478cc9b3-e99d-4b85-b414-87c7eb0f1d17_3554_5362 1808 * 0 0 0
Edge	127	61	11	0	0	0	35	-1
	Sequence	-edge_64_0_-478cc9b3-e99d-4b85-b414-87c7eb0f1d17_3554_5362 1808 * 0 0 0
Edge	128	10	51	0	0	0	37	-1
	Sequence	+edge_65_0_+679fa41f-6518-4d28-a166-909534f95465_14842_16651 1809 * 0 0 0
Edge	129	53	9	0	0	0	37	-1
	Sequence	-edge_65_0_+679fa41f-6518-4d28-a166-909534f95465_14842_16651 1809 * 0 0 0
Edge	130	6	5	0	0	0	40	-1
	Sequence	+edge_66_0_-c00747b0-65ba-4768-a2ca-da60d5f26f31_6899_12448 5549 * 0 0 0
Edge	131	71	8	0	0	0	40	-1
	Sequence	-edge_66_0_-c00747b0-65ba-4768-a2ca-da60d5f26f31_6899_12448 5549 * 0 0 0
Edge	132	4	57	0	0	0	40	-1
	Sequence	+edge_67_0_-e3ae95f6-292c-4b16-b1a1-b7d6a8ed999a_24078_34877 10799 * 0 0 0
Edge	133	7	3	0	0	0	40	-1
	Sequence	-edge_67_0_-e3ae95f6-292c-4b16-b1a1-b7d6a8ed999a_24078_34877 10799 * 0 0 0
Edge	134	2	1	0	0	0	39	-1
	Sequence	+edge_68_haplotype 1235 * 0 0 0
Edge	135	0	81	0	0	0	39	-1
	Sequence	-edge_68_haplotype 1235 * 0 0 0
